1.000000000000000000e+00	9.038506210024186416e-01
1.000000000000000000e+00	7.437648109442041022e-01
0.000000000000000000e+00	-9.787978357285888331e-02
1.000000000000000000e+00	5.940892765514363960e-01
0.000000000000000000e+00	-2.432763910944377855e-02
0.000000000000000000e+00	2.191648687749409019e-01
0.000000000000000000e+00	4.048797499494034557e-01
1.000000000000000000e+00	4.392895065457709247e-01
1.000000000000000000e+00	7.411608431345866332e-01
1.000000000000000000e+00	6.242493542585747512e-01
0.000000000000000000e+00	9.520824493007809530e-02
0.000000000000000000e+00	3.442225590874194441e-01
0.000000000000000000e+00	4.060335680822343973e-01
1.000000000000000000e+00	7.413593913318999862e-01
1.000000000000000000e+00	2.709626595418177519e-01
0.000000000000000000e+00	1.012622419456146450e-01
1.000000000000000000e+00	9.353091810653565430e-01
1.000000000000000000e+00	5.141584046649786410e-01
0.000000000000000000e+00	-3.767488773906828015e-01
1.000000000000000000e+00	7.286543011930609604e-01
0.000000000000000000e+00	-1.708287602302646091e-01
0.000000000000000000e+00	2.470415849396486452e-01
1.000000000000000000e+00	1.121982771878753615e+00
0.000000000000000000e+00	5.666281369556385172e-01
0.000000000000000000e+00	-1.809269833259139759e-01
0.000000000000000000e+00	1.194069535110688918e-01
1.000000000000000000e+00	9.324598704719804232e-01
0.000000000000000000e+00	-1.317257222972896546e-01
1.000000000000000000e+00	1.232647155822589546e+00
1.000000000000000000e+00	6.073971256618734271e-01
1.000000000000000000e+00	6.343764192887322295e-01
0.000000000000000000e+00	-1.745866781066579554e-01
1.000000000000000000e+00	9.697248995523282122e-01
1.000000000000000000e+00	7.475291151802707645e-01
1.000000000000000000e+00	6.380536844301830657e-01
1.000000000000000000e+00	5.269698167947142187e-01
1.000000000000000000e+00	6.621470032057710231e-01
1.000000000000000000e+00	9.411497903810664978e-01
0.000000000000000000e+00	-1.199388806395256524e-01
1.000000000000000000e+00	5.982763131122724731e-01
1.000000000000000000e+00	1.104471546200850307e+00
1.000000000000000000e+00	6.188217384761436346e-01
1.000000000000000000e+00	9.734360433771673815e-01
0.000000000000000000e+00	3.777778638493434205e-01
0.000000000000000000e+00	3.912889881157071703e-01
0.000000000000000000e+00	5.087664868822026065e-01
1.000000000000000000e+00	1.190424534969611647e+00
0.000000000000000000e+00	7.323069669840551188e-02
1.000000000000000000e+00	6.308552639917325289e-01
1.000000000000000000e+00	9.326702399761824802e-01
1.000000000000000000e+00	7.407028557622282738e-01
0.000000000000000000e+00	2.663621750622440221e-01
0.000000000000000000e+00	5.006498542318995604e-01
0.000000000000000000e+00	4.444886162476684999e-01
0.000000000000000000e+00	3.359709237517682912e-01
1.000000000000000000e+00	1.079828782881198990e+00
0.000000000000000000e+00	3.473928475072278199e-01
1.000000000000000000e+00	7.369509151733097951e-01
1.000000000000000000e+00	1.218214040798593079e+00
1.000000000000000000e+00	4.197255625196083528e-01
1.000000000000000000e+00	1.657021445676529314e+00
1.000000000000000000e+00	8.191679240576761334e-01
0.000000000000000000e+00	-1.299126414063923353e-02
1.000000000000000000e+00	1.114387843932912014e+00
1.000000000000000000e+00	7.972072745949788652e-01
0.000000000000000000e+00	1.118321991010194916e-01
0.000000000000000000e+00	-1.192589430795784611e-01
0.000000000000000000e+00	2.955993356692777074e-01
0.000000000000000000e+00	-2.094690743959249646e-01
0.000000000000000000e+00	2.732482349685879108e-01
1.000000000000000000e+00	4.070034429856961289e-01
0.000000000000000000e+00	-1.533645762384374944e-01
1.000000000000000000e+00	3.857522811240932659e-01
1.000000000000000000e+00	6.740971182430175457e-01
0.000000000000000000e+00	9.927407631307413882e-02
1.000000000000000000e+00	6.688967609212081999e-01
0.000000000000000000e+00	-3.135325429014076959e-01
1.000000000000000000e+00	7.414418870575602005e-01
0.000000000000000000e+00	-1.206088270045028027e-01
0.000000000000000000e+00	1.727146011390488511e-01
0.000000000000000000e+00	4.670566081590847851e-01
1.000000000000000000e+00	1.015824743320036028e+00
0.000000000000000000e+00	-6.334815105707734817e-02
0.000000000000000000e+00	1.180015050933328896e-01
1.000000000000000000e+00	7.471089006798216081e-01
0.000000000000000000e+00	-9.064741945976761972e-02
0.000000000000000000e+00	4.054016897308265754e-01
0.000000000000000000e+00	1.068566145953529223e-01
0.000000000000000000e+00	-3.061253652962518390e-01
0.000000000000000000e+00	2.724803655411555670e-01
0.000000000000000000e+00	4.232281378955780604e-01
0.000000000000000000e+00	1.169354497918573682e-01
0.000000000000000000e+00	2.787045952483616085e-01
0.000000000000000000e+00	4.737316410768978581e-01
0.000000000000000000e+00	1.441305266959450326e-01
1.000000000000000000e+00	8.600080656588974248e-01
1.000000000000000000e+00	5.947781269472799393e-01
0.000000000000000000e+00	-1.347477373101464877e-02
0.000000000000000000e+00	7.100381454978944504e-03
0.000000000000000000e+00	2.692046936893560116e-01
0.000000000000000000e+00	-1.514773880532454264e-01
1.000000000000000000e+00	1.114363273329921356e+00
1.000000000000000000e+00	8.006374106987834693e-01
1.000000000000000000e+00	8.971004255371134439e-01
1.000000000000000000e+00	1.032500365381721075e+00
1.000000000000000000e+00	7.561999965500865173e-01
1.000000000000000000e+00	4.763325141569828558e-01
0.000000000000000000e+00	4.135117502696782910e-01
1.000000000000000000e+00	8.976814964378752038e-01
1.000000000000000000e+00	6.591407795852156637e-01
1.000000000000000000e+00	6.550017774262469894e-01
0.000000000000000000e+00	9.539894904049675550e-02
0.000000000000000000e+00	3.576900111394871740e-01
1.000000000000000000e+00	6.856727188889492064e-01
1.000000000000000000e+00	8.742174469893283506e-01
1.000000000000000000e+00	9.932879090459175719e-01
0.000000000000000000e+00	5.567009229862769359e-01
1.000000000000000000e+00	8.751827429876469777e-01
0.000000000000000000e+00	4.702107602747489512e-01
0.000000000000000000e+00	3.362072001972338242e-01
1.000000000000000000e+00	1.102568106879572740e+00
0.000000000000000000e+00	4.944776459207807506e-01
1.000000000000000000e+00	4.463001803336503204e-01
1.000000000000000000e+00	9.085856838597841101e-01
0.000000000000000000e+00	-1.701297525420989165e-01
1.000000000000000000e+00	1.100116773215990662e+00
1.000000000000000000e+00	6.963768651880692939e-01
0.000000000000000000e+00	2.431941600336881282e-01
0.000000000000000000e+00	-2.257467910506366915e-01
1.000000000000000000e+00	7.178361065844182098e-01
0.000000000000000000e+00	7.387792343508924331e-01
0.000000000000000000e+00	4.116580934176018447e-01
0.000000000000000000e+00	-3.198837832742984499e-01
0.000000000000000000e+00	4.899669752168023806e-01
0.000000000000000000e+00	1.222981952634314001e-01
0.000000000000000000e+00	-2.676956393804215406e-02
0.000000000000000000e+00	5.197851338015077038e-01
1.000000000000000000e+00	6.666409957404417774e-01
1.000000000000000000e+00	7.517760422599796266e-01
0.000000000000000000e+00	5.506011397991094070e-01
1.000000000000000000e+00	4.361026067019404540e-01
0.000000000000000000e+00	1.259993341869878117e-02
0.000000000000000000e+00	6.401278598294428690e-01
0.000000000000000000e+00	4.321317040437798740e-01
0.000000000000000000e+00	2.583412959343752702e-01
0.000000000000000000e+00	2.744812153115132602e-01
1.000000000000000000e+00	7.169305586928068630e-01
1.000000000000000000e+00	6.920170755644845517e-01
1.000000000000000000e+00	7.287977149008737499e-01
1.000000000000000000e+00	6.521546390252033198e-01
1.000000000000000000e+00	4.204147088336808724e-01
1.000000000000000000e+00	1.041258204129031029e+00
1.000000000000000000e+00	8.481822622489036956e-01
0.000000000000000000e+00	4.101430760864070990e-01
1.000000000000000000e+00	5.756464677672736840e-01
0.000000000000000000e+00	4.599413698292639241e-01
0.000000000000000000e+00	4.387336707478234898e-01
0.000000000000000000e+00	8.978149653388364793e-02
1.000000000000000000e+00	1.104364210841532135e+00
0.000000000000000000e+00	1.006776803041903173e-01
0.000000000000000000e+00	2.371836540601651722e-01
0.000000000000000000e+00	3.554600103149006540e-01
1.000000000000000000e+00	7.273679835378104030e-01
0.000000000000000000e+00	1.819162509148658513e-01
0.000000000000000000e+00	4.345655286541239559e-01
1.000000000000000000e+00	7.094081161233546373e-01
1.000000000000000000e+00	5.516890015523921997e-01
0.000000000000000000e+00	2.641440218542218110e-01
1.000000000000000000e+00	9.182677748656510319e-01
1.000000000000000000e+00	9.420380706359511302e-01
0.000000000000000000e+00	4.007696000589988650e-01
0.000000000000000000e+00	5.919697605651925709e-01
1.000000000000000000e+00	5.700820826254764384e-01
0.000000000000000000e+00	1.482334555398027165e-01
1.000000000000000000e+00	6.759288470318227660e-01
0.000000000000000000e+00	3.702799574857369991e-01
0.000000000000000000e+00	3.842604418650816811e-01
0.000000000000000000e+00	3.313590103801871134e-01
0.000000000000000000e+00	1.304138633648359857e-01
1.000000000000000000e+00	9.010006799659754373e-01
0.000000000000000000e+00	2.539461350048536348e-01
1.000000000000000000e+00	4.591524773014218908e-01
1.000000000000000000e+00	1.157309491803518720e+00
1.000000000000000000e+00	1.497034177756230822e+00
1.000000000000000000e+00	3.623311444288186967e-01
0.000000000000000000e+00	3.188639296232367859e-01
0.000000000000000000e+00	5.535363892092263205e-01
1.000000000000000000e+00	1.277190492420698265e+00
1.000000000000000000e+00	5.967660339859306440e-01
0.000000000000000000e+00	3.931360498702038409e-01
0.000000000000000000e+00	2.883867817145306378e-01
1.000000000000000000e+00	6.941411573745371877e-01
0.000000000000000000e+00	3.544789419260352958e-01
0.000000000000000000e+00	1.924008269986338948e-01
1.000000000000000000e+00	6.547423055271411885e-01
1.000000000000000000e+00	1.246825947272392154e+00
1.000000000000000000e+00	1.252457258097208426e+00
0.000000000000000000e+00	3.492367263262038390e-01
1.000000000000000000e+00	7.637732362663387509e-01
0.000000000000000000e+00	1.313270835406710191e-01
0.000000000000000000e+00	4.205765401127609104e-01
1.000000000000000000e+00	1.031876763676546460e+00
1.000000000000000000e+00	8.878009558850025185e-01
1.000000000000000000e+00	7.131595081464447983e-01
1.000000000000000000e+00	6.878005201343403430e-01
0.000000000000000000e+00	3.035806548771849411e-01
1.000000000000000000e+00	4.285029371927926989e-01
1.000000000000000000e+00	4.634145288018454711e-01
0.000000000000000000e+00	6.400481376789493027e-01
1.000000000000000000e+00	1.100947915046865955e+00
0.000000000000000000e+00	-2.143144886840176455e-01
1.000000000000000000e+00	7.160683239196570238e-01
0.000000000000000000e+00	1.445651181585155542e-01
0.000000000000000000e+00	1.767111209373419811e-01
1.000000000000000000e+00	8.759287408263757291e-01
1.000000000000000000e+00	1.291201490558876230e+00
1.000000000000000000e+00	4.982686138594067393e-01
0.000000000000000000e+00	4.016261572062426732e-01
1.000000000000000000e+00	1.069526805153216076e+00
0.000000000000000000e+00	-3.510285213408585459e-01
1.000000000000000000e+00	5.095008696792899805e-01
1.000000000000000000e+00	1.052914827687049248e+00
1.000000000000000000e+00	7.390383819967989432e-01
0.000000000000000000e+00	1.108985112247868471e-01
1.000000000000000000e+00	1.153569631102089321e+00
1.000000000000000000e+00	1.107668700345280532e+00
0.000000000000000000e+00	3.717118547903819348e-01
1.000000000000000000e+00	9.709013154397970746e-01
0.000000000000000000e+00	3.419373281316681057e-01
0.000000000000000000e+00	6.431558920372300037e-01
1.000000000000000000e+00	7.467519980309946792e-01
1.000000000000000000e+00	8.179790817066493469e-01
0.000000000000000000e+00	2.458606258086385721e-01
0.000000000000000000e+00	1.267719048931434389e-01
1.000000000000000000e+00	1.188470411472225097e+00
1.000000000000000000e+00	5.135542207124628167e-01
0.000000000000000000e+00	5.515907232558922013e-01
1.000000000000000000e+00	7.839151762107225974e-01
0.000000000000000000e+00	3.427328744710197994e-01
1.000000000000000000e+00	1.231927391604011879e+00
1.000000000000000000e+00	1.071055271376678331e+00
0.000000000000000000e+00	5.365856637433839005e-01
0.000000000000000000e+00	2.114288640136227637e-01
1.000000000000000000e+00	1.591101375388548567e+00
1.000000000000000000e+00	5.582274684180378310e-01
1.000000000000000000e+00	8.980448773454287048e-01
0.000000000000000000e+00	4.248116108722868045e-01
1.000000000000000000e+00	1.502553757558817926e+00
1.000000000000000000e+00	5.609682073423244431e-01
1.000000000000000000e+00	6.662100692875118080e-01
1.000000000000000000e+00	9.835396040489072789e-01
1.000000000000000000e+00	6.213393451241291388e-01
0.000000000000000000e+00	1.434774778690336428e-01
1.000000000000000000e+00	6.080334387930148576e-01
0.000000000000000000e+00	2.127980693959660163e-01
1.000000000000000000e+00	7.260456315184206089e-01
0.000000000000000000e+00	-5.593604732688640668e-01
0.000000000000000000e+00	2.222884598132791045e-01
1.000000000000000000e+00	8.051029919987805483e-01
1.000000000000000000e+00	6.442003020358193499e-01
0.000000000000000000e+00	2.594723990662791691e-01
1.000000000000000000e+00	5.550704474692355062e-01
0.000000000000000000e+00	4.236373161724114045e-01
1.000000000000000000e+00	1.134624005739905073e+00
0.000000000000000000e+00	5.194221305984404458e-01
0.000000000000000000e+00	8.276872592755524227e-02
1.000000000000000000e+00	5.361370516461454461e-01
1.000000000000000000e+00	7.193622040250825522e-01
0.000000000000000000e+00	1.473169568969434906e-01
1.000000000000000000e+00	7.439658402974178575e-01
1.000000000000000000e+00	1.186490063064985057e+00
1.000000000000000000e+00	8.566167616076580948e-01
0.000000000000000000e+00	3.775029721401886862e-01
1.000000000000000000e+00	8.238383936857558432e-01
1.000000000000000000e+00	4.355182654892626459e-01
0.000000000000000000e+00	5.605263766656456426e-01
1.000000000000000000e+00	1.545429075212784609e+00
1.000000000000000000e+00	9.338672516904723553e-01
1.000000000000000000e+00	1.130108745072445187e+00
0.000000000000000000e+00	3.715624668261420238e-01
0.000000000000000000e+00	2.498436360997055017e-01
1.000000000000000000e+00	9.722838840450428455e-01
1.000000000000000000e+00	9.348543304264999021e-01
0.000000000000000000e+00	-3.592208951817237872e-01
1.000000000000000000e+00	4.590374586236542487e-01
1.000000000000000000e+00	1.100214327441953577e+00
1.000000000000000000e+00	1.348995304090138792e+00
1.000000000000000000e+00	6.472129661489360863e-01
0.000000000000000000e+00	4.516804735303017737e-01
0.000000000000000000e+00	-2.214033864493819836e-01
1.000000000000000000e+00	1.715492376699213395e+00
1.000000000000000000e+00	7.413953857718110774e-01
1.000000000000000000e+00	6.088510304413871088e-01
1.000000000000000000e+00	6.267711479869431113e-01
1.000000000000000000e+00	1.322423461295361813e+00
1.000000000000000000e+00	9.194926394884597176e-01
0.000000000000000000e+00	5.343974421830693933e-01
0.000000000000000000e+00	2.314341670728450595e-01
0.000000000000000000e+00	6.792234700714422369e-02
1.000000000000000000e+00	5.125498865859372533e-01
1.000000000000000000e+00	6.021234444203106273e-01
0.000000000000000000e+00	6.466063761253960651e-01
0.000000000000000000e+00	2.131352023127901230e-01
0.000000000000000000e+00	2.193870461291464336e-03
0.000000000000000000e+00	7.557554914481011687e-01
0.000000000000000000e+00	3.534547049843518862e-01
0.000000000000000000e+00	3.190848460655758556e-01
0.000000000000000000e+00	1.561504223291594606e-01
0.000000000000000000e+00	1.711445861139876679e-01
0.000000000000000000e+00	1.478787467853250048e-01
0.000000000000000000e+00	2.876850190697651799e-01
0.000000000000000000e+00	4.426706833169832267e-01
0.000000000000000000e+00	2.543873117045443166e-01
0.000000000000000000e+00	1.364089657351410800e-01
1.000000000000000000e+00	1.088123949344372843e+00
0.000000000000000000e+00	-1.990444535628052847e-01
1.000000000000000000e+00	6.649061055907091733e-01
1.000000000000000000e+00	5.618509755917874271e-01
1.000000000000000000e+00	1.103111963019451691e+00
0.000000000000000000e+00	3.091737284152751841e-01
0.000000000000000000e+00	3.892095101379116628e-01
0.000000000000000000e+00	2.585069115351055213e-01
0.000000000000000000e+00	4.628239897091678823e-01
0.000000000000000000e+00	4.119317070813184878e-01
0.000000000000000000e+00	5.460239440452074877e-01
0.000000000000000000e+00	-7.939964720835666900e-02
1.000000000000000000e+00	1.684126253962195952e+00
0.000000000000000000e+00	-3.096055730024003250e-01
1.000000000000000000e+00	8.397619036116326097e-01
0.000000000000000000e+00	-1.637316768707564318e-01
1.000000000000000000e+00	4.810638258400913858e-01
1.000000000000000000e+00	9.176089328518567401e-01
0.000000000000000000e+00	5.688390321086701507e-01
1.000000000000000000e+00	5.325142335145547356e-01
1.000000000000000000e+00	1.304662326636815139e+00
1.000000000000000000e+00	8.158551686044587248e-01
0.000000000000000000e+00	1.279701875194903804e-01
1.000000000000000000e+00	8.580327499568940475e-01
1.000000000000000000e+00	1.225429027815346128e+00
0.000000000000000000e+00	-2.224996151104703390e-01
0.000000000000000000e+00	2.780117891099079253e-01
1.000000000000000000e+00	1.016562600339150579e+00
1.000000000000000000e+00	8.265809519713064324e-01
1.000000000000000000e+00	1.087510744791604145e+00
1.000000000000000000e+00	5.369124191167417015e-01
0.000000000000000000e+00	1.098289973643195444e-01
0.000000000000000000e+00	4.606622789124231038e-02
1.000000000000000000e+00	7.319116182435677631e-01
0.000000000000000000e+00	2.833469555563497555e-01
1.000000000000000000e+00	9.383849363566519886e-01
0.000000000000000000e+00	1.843184573691642736e-01
1.000000000000000000e+00	1.164925642713510845e+00
1.000000000000000000e+00	6.464313126708188806e-01
1.000000000000000000e+00	5.382062088983835535e-01
1.000000000000000000e+00	1.130190896384571708e+00
1.000000000000000000e+00	1.192106363599011898e+00
1.000000000000000000e+00	9.860001975169677690e-01
1.000000000000000000e+00	9.237997599820522154e-01
0.000000000000000000e+00	2.002008669179917710e-01
1.000000000000000000e+00	1.075308751748693670e+00
0.000000000000000000e+00	3.004246381146285505e-01
1.000000000000000000e+00	6.296013842526484439e-01
0.000000000000000000e+00	4.069284513143741067e-01
1.000000000000000000e+00	3.574449464494355855e-01
0.000000000000000000e+00	6.249087394617730551e-01
1.000000000000000000e+00	9.531368966412367971e-01
0.000000000000000000e+00	2.864735399565391805e-01
1.000000000000000000e+00	7.899098328669580393e-01
0.000000000000000000e+00	-2.653328070727036248e-01
1.000000000000000000e+00	6.222867315853172210e-01
0.000000000000000000e+00	1.660380029350434494e-01
0.000000000000000000e+00	4.652309084011426177e-01
0.000000000000000000e+00	-1.119688134933692208e-01
1.000000000000000000e+00	7.206676351296787963e-01
1.000000000000000000e+00	6.968214341681806534e-01
1.000000000000000000e+00	8.788784594389031923e-01
1.000000000000000000e+00	4.447692569025624154e-01
0.000000000000000000e+00	-2.896734729486428739e-01
0.000000000000000000e+00	1.847128973708387356e-01
1.000000000000000000e+00	8.398786361006239654e-01
0.000000000000000000e+00	4.459807019971072650e-01
0.000000000000000000e+00	3.245690912284145413e-01
1.000000000000000000e+00	6.682976821085111485e-01
1.000000000000000000e+00	6.766156186591529842e-01
1.000000000000000000e+00	6.122632264261007595e-01
1.000000000000000000e+00	7.312297724247364128e-01
1.000000000000000000e+00	3.982565337859156895e-01
1.000000000000000000e+00	5.982842279537690100e-01
1.000000000000000000e+00	6.464028859305935848e-01
1.000000000000000000e+00	5.203835217588509421e-01
1.000000000000000000e+00	8.140933869014761459e-01
0.000000000000000000e+00	-1.243052843494866222e-01
0.000000000000000000e+00	-5.404064995404537219e-01
1.000000000000000000e+00	1.151216082933601115e+00
1.000000000000000000e+00	1.166616060635655039e+00
1.000000000000000000e+00	5.988385849900006441e-01
0.000000000000000000e+00	-1.004911792179630364e-01
0.000000000000000000e+00	2.448768383125007331e-01
0.000000000000000000e+00	2.504456639108935678e-01
0.000000000000000000e+00	4.812441101804409288e-02
0.000000000000000000e+00	7.329482180177319950e-02
0.000000000000000000e+00	5.753964051799738133e-01
1.000000000000000000e+00	6.988008017961769847e-01
1.000000000000000000e+00	7.748201737134956524e-01
1.000000000000000000e+00	5.980464721910400128e-01
0.000000000000000000e+00	1.210274431788412319e-01
1.000000000000000000e+00	7.392667784686619559e-01
1.000000000000000000e+00	3.828440432268694349e-01
1.000000000000000000e+00	5.950687797064240225e-01
1.000000000000000000e+00	4.702879795774856375e-01
0.000000000000000000e+00	5.365516212703169696e-01
0.000000000000000000e+00	-6.791023973141442627e-02
1.000000000000000000e+00	1.025039192876717298e+00
1.000000000000000000e+00	4.429414992391567663e-01
0.000000000000000000e+00	6.062326060521157078e-01
0.000000000000000000e+00	3.047174699413492949e-01
0.000000000000000000e+00	2.420075957268412459e-02
0.000000000000000000e+00	6.326740951151622605e-01
1.000000000000000000e+00	8.094039095503156034e-01
0.000000000000000000e+00	3.699166276948178123e-01
0.000000000000000000e+00	1.504628617872836027e-01
1.000000000000000000e+00	4.610558134624461735e-01
1.000000000000000000e+00	1.375498211413820782e+00
1.000000000000000000e+00	9.984756072107854319e-01
0.000000000000000000e+00	-2.949482224894402482e-01
1.000000000000000000e+00	9.370660313577466871e-01
0.000000000000000000e+00	4.054001457194675306e-01
0.000000000000000000e+00	8.384103768297451742e-02
1.000000000000000000e+00	5.722593365558285017e-01
1.000000000000000000e+00	8.277637298388154097e-01
0.000000000000000000e+00	1.013022705347735725e-01
1.000000000000000000e+00	5.292815588605430666e-01
0.000000000000000000e+00	3.409273332575541576e-02
1.000000000000000000e+00	1.066054764145839329e+00
0.000000000000000000e+00	3.118242578919711572e-01
1.000000000000000000e+00	9.341556606621678194e-01
0.000000000000000000e+00	4.071531111877092490e-01
0.000000000000000000e+00	2.182418889790598004e-01
1.000000000000000000e+00	8.223313639967638755e-01
1.000000000000000000e+00	6.918316681384194533e-01
0.000000000000000000e+00	1.196050654240730093e-01
0.000000000000000000e+00	2.575170662357959550e-01
0.000000000000000000e+00	6.488094612389602722e-02
0.000000000000000000e+00	2.507731198444614340e-01
0.000000000000000000e+00	4.135539748180874775e-01
0.000000000000000000e+00	3.126187759534581612e-01
0.000000000000000000e+00	3.142101762951637900e-01
0.000000000000000000e+00	-1.794648371127694764e-01
0.000000000000000000e+00	1.631228586154564730e-01
1.000000000000000000e+00	1.195248177027716352e+00
0.000000000000000000e+00	9.015673157998925491e-02
0.000000000000000000e+00	4.128555816678471935e-01
0.000000000000000000e+00	2.633706617939050032e-01
1.000000000000000000e+00	8.718267379907002068e-01
0.000000000000000000e+00	2.683834522270263090e-01
1.000000000000000000e+00	5.759965201670205204e-01
1.000000000000000000e+00	7.652657935744193729e-01
0.000000000000000000e+00	2.937304003376726147e-01
0.000000000000000000e+00	-4.474425230659771768e-02
1.000000000000000000e+00	7.259130236942256120e-01
1.000000000000000000e+00	3.790263988370404791e-01
1.000000000000000000e+00	9.813595073246295097e-01
0.000000000000000000e+00	6.688735353865548072e-01
0.000000000000000000e+00	2.368713446998106098e-01
1.000000000000000000e+00	4.023153188828332838e-01
1.000000000000000000e+00	5.004572193000413893e-01
0.000000000000000000e+00	4.348731008542366383e-01
0.000000000000000000e+00	2.060208483490341691e-01
1.000000000000000000e+00	6.462627263386884202e-01
1.000000000000000000e+00	1.126725863968429886e+00
0.000000000000000000e+00	-2.369380360276392497e-02
1.000000000000000000e+00	1.238325382785629314e+00
0.000000000000000000e+00	1.076587783911453072e-01
1.000000000000000000e+00	1.213185120694357577e+00
1.000000000000000000e+00	7.017938413248691054e-01
1.000000000000000000e+00	1.373030793855242626e+00
1.000000000000000000e+00	6.224811395050755536e-01
1.000000000000000000e+00	6.180784639507809208e-01
1.000000000000000000e+00	1.034319863638303749e+00
1.000000000000000000e+00	9.948149493778568608e-01
0.000000000000000000e+00	2.212437159647302198e-01
0.000000000000000000e+00	3.271965819335386216e-01
1.000000000000000000e+00	9.359950300366813858e-01
1.000000000000000000e+00	9.104204360418468589e-01
1.000000000000000000e+00	7.591580342564945294e-01
0.000000000000000000e+00	5.366001633347781130e-01
0.000000000000000000e+00	4.603452779729985678e-01
0.000000000000000000e+00	9.185099562929022188e-02
1.000000000000000000e+00	6.296682789761095522e-01
0.000000000000000000e+00	-2.346726956539542941e-01
0.000000000000000000e+00	2.429728294643644926e-01
0.000000000000000000e+00	-4.929258158454525272e-03
0.000000000000000000e+00	4.085860549520282659e-01
0.000000000000000000e+00	5.212104923450948668e-01
0.000000000000000000e+00	2.037883044277236932e-01
1.000000000000000000e+00	9.009494812991802881e-01
0.000000000000000000e+00	4.806282540661366287e-01
1.000000000000000000e+00	1.019134745227874062e+00
1.000000000000000000e+00	6.967398684660170982e-01
1.000000000000000000e+00	8.111232334973905722e-01
0.000000000000000000e+00	-4.655009010934360036e-01
0.000000000000000000e+00	3.759397005870462188e-02
1.000000000000000000e+00	6.967758069779218522e-01
0.000000000000000000e+00	-1.057956786607708866e-01
1.000000000000000000e+00	8.170716223634549857e-01
0.000000000000000000e+00	-4.912523272954535079e-03
0.000000000000000000e+00	4.153955067684311220e-01
1.000000000000000000e+00	4.559297885996576594e-01
1.000000000000000000e+00	5.357701554515831299e-01
0.000000000000000000e+00	2.334878084165245560e-01
1.000000000000000000e+00	4.348935306352750274e-01
0.000000000000000000e+00	4.930658771079485247e-01
1.000000000000000000e+00	4.719960303079498987e-01
1.000000000000000000e+00	7.492048643308837352e-01
0.000000000000000000e+00	-5.630481723798375776e-02
0.000000000000000000e+00	4.202286644674541605e-01
1.000000000000000000e+00	7.100769036442415860e-01
0.000000000000000000e+00	1.395059177665343153e-01
1.000000000000000000e+00	3.587516622919126874e-01
0.000000000000000000e+00	-1.232760639680482856e-01
0.000000000000000000e+00	2.450457085468914498e-01
0.000000000000000000e+00	4.695756093664203989e-01
1.000000000000000000e+00	4.786439453318500625e-01
1.000000000000000000e+00	8.222837981610779945e-01
0.000000000000000000e+00	-6.714357600144676974e-02
0.000000000000000000e+00	1.134670892497494366e-01
0.000000000000000000e+00	-5.954558137585486133e-01
1.000000000000000000e+00	1.231405949978458869e+00
0.000000000000000000e+00	4.105104525328911458e-01
1.000000000000000000e+00	5.226792787746656899e-01
1.000000000000000000e+00	5.320075749430284162e-01
0.000000000000000000e+00	7.124200983256484543e-01
1.000000000000000000e+00	1.053594936883239574e+00
0.000000000000000000e+00	1.699010606579470783e-01
1.000000000000000000e+00	1.232028012140101270e+00
0.000000000000000000e+00	3.178718777585577415e-01
1.000000000000000000e+00	7.713470973202001257e-01
1.000000000000000000e+00	8.308774230573463537e-01
1.000000000000000000e+00	8.022770969307900790e-01
1.000000000000000000e+00	6.128315111283159089e-01
0.000000000000000000e+00	4.669417566417145005e-01
0.000000000000000000e+00	3.179137576935894133e-02
0.000000000000000000e+00	5.944256860366924355e-01
0.000000000000000000e+00	5.483787637610131049e-02
0.000000000000000000e+00	1.010804559830932037e-01
0.000000000000000000e+00	-3.859749363264792787e-01
1.000000000000000000e+00	8.308782285104633347e-01
1.000000000000000000e+00	1.230655515730275207e+00
1.000000000000000000e+00	7.071667240610552962e-01
0.000000000000000000e+00	3.073634677633849677e-01
0.000000000000000000e+00	1.793208799147917309e-01
1.000000000000000000e+00	6.321058360861971925e-01
0.000000000000000000e+00	2.523027928623556293e-01
0.000000000000000000e+00	6.410659260407640669e-01
1.000000000000000000e+00	1.013576127972918961e+00
0.000000000000000000e+00	3.478020421520431338e-01
1.000000000000000000e+00	6.631237843704599344e-01
0.000000000000000000e+00	3.231095778126207296e-01
0.000000000000000000e+00	-4.413231556325551974e-01
0.000000000000000000e+00	5.296712537741118387e-01
1.000000000000000000e+00	6.227350363278887357e-01
0.000000000000000000e+00	7.106410412600236426e-02
0.000000000000000000e+00	3.739773782548707071e-01
0.000000000000000000e+00	9.025031341498844506e-02
0.000000000000000000e+00	-3.400828585053516373e-01
1.000000000000000000e+00	8.670729819432446694e-01
0.000000000000000000e+00	-2.109383445843942412e-02
1.000000000000000000e+00	6.118346897549787888e-01
0.000000000000000000e+00	3.101561471018767224e-01
0.000000000000000000e+00	-3.061565875203221543e-01
0.000000000000000000e+00	3.005856309188785769e-01
0.000000000000000000e+00	-1.835967673291594993e-01
0.000000000000000000e+00	5.627280962245532342e-02
1.000000000000000000e+00	6.903300921838229076e-01
1.000000000000000000e+00	8.838175082038419728e-01
0.000000000000000000e+00	2.773133458005871965e-01
1.000000000000000000e+00	8.602984538301231554e-01
1.000000000000000000e+00	9.395369600678232791e-01
1.000000000000000000e+00	1.288827777442029587e+00
0.000000000000000000e+00	5.422309089907770829e-01
0.000000000000000000e+00	1.352431873596959995e-02
1.000000000000000000e+00	6.878799776052297865e-01
0.000000000000000000e+00	4.841633163335594126e-01
0.000000000000000000e+00	1.029172077402574631e-01
0.000000000000000000e+00	1.562526708527076369e-01
1.000000000000000000e+00	1.222584397760143604e+00
0.000000000000000000e+00	-1.892550768466486066e-01
1.000000000000000000e+00	1.001382901360277078e+00
1.000000000000000000e+00	8.594976041755351126e-01
1.000000000000000000e+00	6.002144669245208508e-01
1.000000000000000000e+00	7.804835282070246016e-01
0.000000000000000000e+00	4.494341530425358111e-01
0.000000000000000000e+00	1.649893575859588679e-01
0.000000000000000000e+00	2.555301444578649828e-01
1.000000000000000000e+00	6.634958971615814161e-01
1.000000000000000000e+00	9.832972868300233760e-01
0.000000000000000000e+00	2.912540866441813980e-01
0.000000000000000000e+00	-6.579735099862508985e-02
1.000000000000000000e+00	7.925186591745596587e-01
0.000000000000000000e+00	-3.362309376973252051e-01
0.000000000000000000e+00	1.439056403766630077e-01
0.000000000000000000e+00	3.888415330104372236e-02
1.000000000000000000e+00	5.420453694265039424e-01
0.000000000000000000e+00	-1.105972339669783200e-01
1.000000000000000000e+00	8.494938137905916342e-01
0.000000000000000000e+00	1.166830932668645043e-01
0.000000000000000000e+00	4.117652041549755837e-01
0.000000000000000000e+00	1.566780898329491745e-01
1.000000000000000000e+00	1.321366951291299330e+00
0.000000000000000000e+00	-9.921418645144060300e-02
0.000000000000000000e+00	4.166384415176747624e-01
1.000000000000000000e+00	6.326109919280824556e-01
1.000000000000000000e+00	7.218933728694654217e-01
0.000000000000000000e+00	4.307535072407268628e-01
1.000000000000000000e+00	1.245256521694297014e+00
1.000000000000000000e+00	1.366237545976114243e+00
0.000000000000000000e+00	2.946105765347517003e-01
1.000000000000000000e+00	1.210796913295922206e+00
1.000000000000000000e+00	7.335847645927139338e-01
0.000000000000000000e+00	4.521515618242529233e-01
0.000000000000000000e+00	2.020860060861637275e-01
0.000000000000000000e+00	5.020377680982566204e-01
1.000000000000000000e+00	5.625694210925914485e-01
0.000000000000000000e+00	3.305339197303828747e-01
0.000000000000000000e+00	-1.250578362447032077e-01
1.000000000000000000e+00	7.427145319724490768e-01
0.000000000000000000e+00	5.884830481706320171e-01
0.000000000000000000e+00	4.581017368383759614e-01
1.000000000000000000e+00	6.541852015015410249e-01
1.000000000000000000e+00	4.187202989379363305e-01
1.000000000000000000e+00	7.350263557024311334e-01
0.000000000000000000e+00	2.402775550034067509e-01
0.000000000000000000e+00	2.326723611916181322e-01
0.000000000000000000e+00	5.327122229528626907e-01
0.000000000000000000e+00	1.890706873046413550e-01
1.000000000000000000e+00	4.819999967609703284e-01
1.000000000000000000e+00	6.026822560113089811e-01
1.000000000000000000e+00	7.735293598705430540e-01
1.000000000000000000e+00	6.376164663916046305e-01
1.000000000000000000e+00	3.506958607870240274e-01
1.000000000000000000e+00	1.033611556565701139e+00
0.000000000000000000e+00	9.619583384331855530e-03
1.000000000000000000e+00	7.909598515627360715e-01
0.000000000000000000e+00	2.229903769101486966e-01
1.000000000000000000e+00	7.322446919083678285e-01
1.000000000000000000e+00	1.332389326833916643e+00
0.000000000000000000e+00	2.578107610431026875e-01
1.000000000000000000e+00	6.487436716304963991e-01
1.000000000000000000e+00	5.533639367925782260e-01
0.000000000000000000e+00	1.075700985101189222e-01
0.000000000000000000e+00	2.475714617249365479e-01
1.000000000000000000e+00	7.082469913492842606e-01
1.000000000000000000e+00	1.101314691964043080e+00
1.000000000000000000e+00	4.397973494517070092e-01
0.000000000000000000e+00	3.503474794762826555e-02
0.000000000000000000e+00	6.031567448769082906e-01
1.000000000000000000e+00	1.297339934945572981e+00
0.000000000000000000e+00	1.396668097045267454e-01
1.000000000000000000e+00	2.855031632823084586e-01
1.000000000000000000e+00	9.833443233971120856e-01
0.000000000000000000e+00	7.117703811690675453e-01
0.000000000000000000e+00	2.410863171768565238e-01
1.000000000000000000e+00	8.745581066619156907e-01
0.000000000000000000e+00	-4.943578049284155784e-02
0.000000000000000000e+00	3.925529026953054612e-01
1.000000000000000000e+00	4.398450431815352779e-01
0.000000000000000000e+00	4.469947320872678653e-01
0.000000000000000000e+00	6.993524480468743532e-01
1.000000000000000000e+00	8.590940471197455741e-01
0.000000000000000000e+00	-3.322153569014336255e-02
1.000000000000000000e+00	5.052177896590580586e-01
1.000000000000000000e+00	6.678056408453264536e-01
1.000000000000000000e+00	1.374901198329223417e+00
1.000000000000000000e+00	4.120163173776975607e-01
1.000000000000000000e+00	5.909337140708776914e-01
0.000000000000000000e+00	-3.495025848764368726e-01
1.000000000000000000e+00	4.861721224667402974e-01
0.000000000000000000e+00	2.499960190325324350e-01
1.000000000000000000e+00	9.599823463678335278e-01
1.000000000000000000e+00	7.395556517356053350e-01
1.000000000000000000e+00	5.414561742512962184e-01
1.000000000000000000e+00	5.521236702852344580e-01
1.000000000000000000e+00	7.925138640083857489e-01
1.000000000000000000e+00	6.975552997175868963e-01
1.000000000000000000e+00	1.132281236721721651e+00
0.000000000000000000e+00	-2.658175764953560893e-01
0.000000000000000000e+00	-5.172932810169931228e-01
1.000000000000000000e+00	1.061251125546330609e+00
0.000000000000000000e+00	6.745849244846886528e-01
1.000000000000000000e+00	8.695057732162077002e-01
1.000000000000000000e+00	6.973796189711334303e-01
1.000000000000000000e+00	6.777686609781964355e-01
0.000000000000000000e+00	-1.683590796885773774e-02
1.000000000000000000e+00	1.008719824737104309e+00
1.000000000000000000e+00	6.252052714890106166e-01
0.000000000000000000e+00	3.209569039231953691e-01
1.000000000000000000e+00	9.373153217362597545e-01
0.000000000000000000e+00	3.090692804878764632e-01
1.000000000000000000e+00	6.850080263928007840e-01
0.000000000000000000e+00	2.715693980633117066e-01
0.000000000000000000e+00	-1.215370884076067276e-01
1.000000000000000000e+00	1.013385789211413313e+00
0.000000000000000000e+00	1.489793175804992598e-01
0.000000000000000000e+00	4.548742648826510915e-01
0.000000000000000000e+00	6.131692873177623238e-01
1.000000000000000000e+00	1.165774353328330903e+00
1.000000000000000000e+00	5.391581260560512900e-01
1.000000000000000000e+00	1.715059329668634946e+00
1.000000000000000000e+00	9.727860764855106313e-01
0.000000000000000000e+00	3.078620186551012106e-01
1.000000000000000000e+00	9.428837357403649921e-01
1.000000000000000000e+00	9.923600149743154741e-01
0.000000000000000000e+00	3.765763518713480806e-01
1.000000000000000000e+00	7.137978798547458537e-01
1.000000000000000000e+00	9.662942620889292122e-01
1.000000000000000000e+00	4.368602446571294151e-01
0.000000000000000000e+00	3.403543411261101825e-01
0.000000000000000000e+00	3.053140083955288575e-01
0.000000000000000000e+00	3.552114396076917480e-01
1.000000000000000000e+00	5.870363433405461073e-01
0.000000000000000000e+00	1.390370792057657179e-01
0.000000000000000000e+00	2.084118080313155374e-01
1.000000000000000000e+00	1.392377665099332695e+00
0.000000000000000000e+00	4.529716249716937981e-01
0.000000000000000000e+00	3.713800920614321321e-01
1.000000000000000000e+00	7.039562787822052359e-01
1.000000000000000000e+00	6.259240079863542805e-01
1.000000000000000000e+00	8.355898693680965383e-01
1.000000000000000000e+00	1.122271304786770063e+00
1.000000000000000000e+00	8.706114174604105971e-01
1.000000000000000000e+00	5.871480635641560530e-01
1.000000000000000000e+00	8.740657152605939562e-01
1.000000000000000000e+00	8.033240328018187437e-01
0.000000000000000000e+00	3.994061740691078888e-01
1.000000000000000000e+00	1.054746663685394159e+00
1.000000000000000000e+00	5.865056123807661503e-01
1.000000000000000000e+00	9.495746643764541028e-01
1.000000000000000000e+00	9.339846793893907817e-01
0.000000000000000000e+00	2.826631857383182789e-01
1.000000000000000000e+00	8.060959073315360213e-01
1.000000000000000000e+00	9.362249077450014445e-01
0.000000000000000000e+00	1.547032990686941223e-01
1.000000000000000000e+00	7.893244486882748934e-01
0.000000000000000000e+00	2.511877011356757339e-01
0.000000000000000000e+00	3.658429272817905198e-01
0.000000000000000000e+00	-1.618450287220267458e-01
1.000000000000000000e+00	1.447645115888804401e+00
1.000000000000000000e+00	4.490452987414332853e-01
1.000000000000000000e+00	1.164191298926944285e+00
1.000000000000000000e+00	5.625444119192704040e-01
0.000000000000000000e+00	2.054918131437857565e-01
0.000000000000000000e+00	4.015679631171833325e-02
0.000000000000000000e+00	3.503666828988895032e-01
0.000000000000000000e+00	9.628280099129099545e-02
1.000000000000000000e+00	6.596986362037289275e-01
1.000000000000000000e+00	9.187191234553957475e-01
0.000000000000000000e+00	-5.054715308438820914e-02
1.000000000000000000e+00	9.036750801243704778e-01
0.000000000000000000e+00	-4.438002771848638117e-01
1.000000000000000000e+00	7.011493809702973312e-01
1.000000000000000000e+00	6.507555599073178154e-01
0.000000000000000000e+00	8.327446445596568825e-02
0.000000000000000000e+00	-1.915462054364630851e-01
0.000000000000000000e+00	5.320123510169628700e-01
1.000000000000000000e+00	1.169852237376718840e+00
1.000000000000000000e+00	6.317905810144395229e-01
1.000000000000000000e+00	5.178209707878245194e-01
1.000000000000000000e+00	1.217657551256787318e+00
0.000000000000000000e+00	1.006027950800116033e-01
1.000000000000000000e+00	4.247173065799330627e-01
1.000000000000000000e+00	5.682619935934127842e-01
0.000000000000000000e+00	3.539257139311109412e-01
1.000000000000000000e+00	7.921325238048725348e-01
1.000000000000000000e+00	9.590447989069119661e-01
1.000000000000000000e+00	9.348691894828438098e-01
0.000000000000000000e+00	-5.026916486097582348e-01
1.000000000000000000e+00	7.643429956327040253e-01
0.000000000000000000e+00	3.702632890119820774e-01
1.000000000000000000e+00	5.517490973200214199e-01
0.000000000000000000e+00	5.594183249880619879e-01
0.000000000000000000e+00	4.468372535916714239e-01
1.000000000000000000e+00	3.308402512916511218e-01
1.000000000000000000e+00	9.828104931908010489e-01
1.000000000000000000e+00	9.572977679612602042e-01
0.000000000000000000e+00	3.124421681470858636e-01
0.000000000000000000e+00	5.081306470724290536e-01
0.000000000000000000e+00	-1.032452765788070409e-01
1.000000000000000000e+00	6.991662715655998506e-01
0.000000000000000000e+00	9.930288059892661279e-02
0.000000000000000000e+00	4.428108056863165887e-01
1.000000000000000000e+00	7.979406329527961583e-01
1.000000000000000000e+00	4.410517621771000707e-01
0.000000000000000000e+00	6.061484639143897846e-02
1.000000000000000000e+00	9.671470113121947154e-01
1.000000000000000000e+00	1.220507149796954849e+00
0.000000000000000000e+00	3.017334293496642950e-01
0.000000000000000000e+00	-2.867859948546174625e-02
1.000000000000000000e+00	5.887033437085522625e-01
1.000000000000000000e+00	7.309511917251598767e-01
0.000000000000000000e+00	5.063322263958672798e-01
1.000000000000000000e+00	8.181744288449782632e-01
0.000000000000000000e+00	2.629902163970503359e-01
1.000000000000000000e+00	7.089418718349848048e-01
0.000000000000000000e+00	2.439416490062323584e-01
0.000000000000000000e+00	1.254938494797862014e-01
0.000000000000000000e+00	4.443606381693727680e-01
1.000000000000000000e+00	8.355062517869801253e-01
1.000000000000000000e+00	9.735051805676240289e-01
1.000000000000000000e+00	8.368831207336407951e-01
1.000000000000000000e+00	6.876631812695613855e-01
0.000000000000000000e+00	4.200425956971637897e-01
1.000000000000000000e+00	8.764738781584234806e-01
1.000000000000000000e+00	7.855795668618003047e-01
1.000000000000000000e+00	8.069035535496927869e-01
0.000000000000000000e+00	3.276440914420170603e-01
1.000000000000000000e+00	3.987862292345188409e-01
0.000000000000000000e+00	2.267958042948301223e-01
0.000000000000000000e+00	1.987215325984185293e-02
1.000000000000000000e+00	8.266463510751578259e-01
0.000000000000000000e+00	4.126226194704783468e-01
1.000000000000000000e+00	6.554654389536490600e-01
1.000000000000000000e+00	5.859013803936585774e-01
0.000000000000000000e+00	-6.511520095576769918e-02
1.000000000000000000e+00	7.848306960377280372e-01
0.000000000000000000e+00	2.579203505946888741e-01
0.000000000000000000e+00	3.239943199383421568e-01
1.000000000000000000e+00	7.307669019378822961e-01
1.000000000000000000e+00	5.257312390592666640e-01
1.000000000000000000e+00	1.091770879912917103e+00
1.000000000000000000e+00	1.082291666144240105e+00
0.000000000000000000e+00	6.230012025659396047e-01
1.000000000000000000e+00	7.951505884117746614e-01
0.000000000000000000e+00	3.219453121877630108e-01
0.000000000000000000e+00	-1.105161155637764993e-02
1.000000000000000000e+00	1.597374045279420063e+00
0.000000000000000000e+00	1.285251840880929086e-01
1.000000000000000000e+00	7.735430779528154055e-01
0.000000000000000000e+00	5.273035778121640260e-02
0.000000000000000000e+00	4.099582762500673661e-01
0.000000000000000000e+00	2.244046212658248884e-01
0.000000000000000000e+00	4.732448903187230077e-02
1.000000000000000000e+00	8.868397739171383076e-01
1.000000000000000000e+00	7.733617888941954899e-01
0.000000000000000000e+00	-1.073153015300184060e-01
0.000000000000000000e+00	2.285195692004777512e-01
0.000000000000000000e+00	2.341578532213550029e-02
0.000000000000000000e+00	2.923755821617285977e-01
0.000000000000000000e+00	-1.758617301601042016e-01
0.000000000000000000e+00	5.341481221631511067e-01
1.000000000000000000e+00	5.770768706624793687e-01
0.000000000000000000e+00	-5.127583185520689750e-03
0.000000000000000000e+00	8.857408090039413373e-02
1.000000000000000000e+00	7.879190471530094220e-01
0.000000000000000000e+00	5.294807551012875591e-01
1.000000000000000000e+00	8.389726272534347995e-01
1.000000000000000000e+00	7.710571160017165582e-01
1.000000000000000000e+00	1.646156098708774218e+00
1.000000000000000000e+00	9.765593731535638922e-01
1.000000000000000000e+00	5.581329177881585446e-01
1.000000000000000000e+00	8.601015233955996431e-01
1.000000000000000000e+00	3.957268921378663262e-01
0.000000000000000000e+00	3.348766118359946531e-01
1.000000000000000000e+00	1.331177868839220846e+00
1.000000000000000000e+00	5.114437946019428916e-01
1.000000000000000000e+00	5.494197893186887338e-01
1.000000000000000000e+00	1.131840275212360858e+00
0.000000000000000000e+00	4.846935354623808090e-01
1.000000000000000000e+00	1.091088532787233056e+00
1.000000000000000000e+00	7.922938813425166593e-01
0.000000000000000000e+00	5.101877252176955091e-01
0.000000000000000000e+00	3.561140478263787323e-01
0.000000000000000000e+00	1.717524573985325653e-01
1.000000000000000000e+00	7.166479083084532631e-01
1.000000000000000000e+00	8.140344375172131608e-01
1.000000000000000000e+00	9.791314128730110866e-01
1.000000000000000000e+00	4.090933413295718690e-01
0.000000000000000000e+00	-4.695657006219971369e-02
1.000000000000000000e+00	8.303819917963279895e-01
1.000000000000000000e+00	3.370543738527608246e-01
0.000000000000000000e+00	3.764432016941707260e-01
0.000000000000000000e+00	4.468499093331539385e-01
1.000000000000000000e+00	5.058429689121141104e-01
0.000000000000000000e+00	6.907238161318227099e-02
0.000000000000000000e+00	-2.904554207836618773e-01
1.000000000000000000e+00	7.736411457585273821e-01
0.000000000000000000e+00	1.507197548544076116e-01
1.000000000000000000e+00	8.648469133736097492e-01
0.000000000000000000e+00	3.204044892389692478e-01
1.000000000000000000e+00	4.227087375572420314e-01
1.000000000000000000e+00	6.695317150125693617e-01
0.000000000000000000e+00	1.491727004727254058e-01
1.000000000000000000e+00	8.450333220282748581e-01
1.000000000000000000e+00	8.264940254154873323e-01
0.000000000000000000e+00	3.921091177720895105e-01
0.000000000000000000e+00	1.319158929900448307e-01
1.000000000000000000e+00	1.210659008402086956e+00
1.000000000000000000e+00	5.683065264122993954e-01
1.000000000000000000e+00	7.021570795878145921e-01
1.000000000000000000e+00	1.425913977790263187e+00
0.000000000000000000e+00	1.834986083815254992e-02
0.000000000000000000e+00	-5.368674642718620355e-02
1.000000000000000000e+00	7.503211528986809542e-01
1.000000000000000000e+00	5.717565756601380444e-01
0.000000000000000000e+00	3.942219860290925304e-01
1.000000000000000000e+00	1.178606446636695004e+00
0.000000000000000000e+00	1.677654484956676018e-01
0.000000000000000000e+00	-6.380277172311746292e-02
0.000000000000000000e+00	5.170030043920866847e-01
0.000000000000000000e+00	5.382780144655682220e-01
0.000000000000000000e+00	2.248586624711217397e-01
0.000000000000000000e+00	4.255019632734000079e-01
0.000000000000000000e+00	5.094676965368870603e-01
0.000000000000000000e+00	7.259202937513605791e-01
0.000000000000000000e+00	6.432195231804717084e-01
1.000000000000000000e+00	9.794844373872497734e-01
0.000000000000000000e+00	2.143942132814863899e-01
1.000000000000000000e+00	1.044169299763206160e+00
0.000000000000000000e+00	-3.301029876288217868e-01
0.000000000000000000e+00	2.648468883670349605e-01
0.000000000000000000e+00	3.276251085573730903e-02
1.000000000000000000e+00	8.701403925528915506e-01
1.000000000000000000e+00	6.148042745549662236e-01
1.000000000000000000e+00	7.814570157450065890e-01
0.000000000000000000e+00	4.402197004405242753e-01
1.000000000000000000e+00	4.894244166208307489e-01
0.000000000000000000e+00	4.190680425026447331e-01
0.000000000000000000e+00	4.912346049013590482e-02
1.000000000000000000e+00	1.248341341227455326e+00
0.000000000000000000e+00	2.440407574437273019e-01
0.000000000000000000e+00	-4.995179654145932568e-01
1.000000000000000000e+00	3.131010582429480937e-01
0.000000000000000000e+00	3.783490723838884295e-01
1.000000000000000000e+00	4.662221555056055844e-01
1.000000000000000000e+00	8.493066351573197448e-01
0.000000000000000000e+00	3.539198519229588835e-01
1.000000000000000000e+00	1.168144346909186115e+00
0.000000000000000000e+00	4.871567482381162772e-01
1.000000000000000000e+00	7.558699096712528931e-01
1.000000000000000000e+00	9.682430620654263187e-01
0.000000000000000000e+00	6.268723341688119122e-02
1.000000000000000000e+00	5.183837597056207835e-01
0.000000000000000000e+00	4.064204961211331790e-01
1.000000000000000000e+00	4.738557882603445237e-01
1.000000000000000000e+00	6.675992580374547902e-01
1.000000000000000000e+00	1.470549704344862096e+00
0.000000000000000000e+00	3.606918364398162269e-01
1.000000000000000000e+00	1.251308080327311334e+00
0.000000000000000000e+00	-2.047398298315264153e-01
0.000000000000000000e+00	5.677675073566733621e-01
1.000000000000000000e+00	4.370385708127482172e-01
0.000000000000000000e+00	4.164620209477889468e-01
1.000000000000000000e+00	1.227599733820053940e+00
0.000000000000000000e+00	1.122705349035627992e-01
0.000000000000000000e+00	2.972410159647952410e-01
1.000000000000000000e+00	1.038595360932548672e+00
0.000000000000000000e+00	5.285726266600684342e-01
1.000000000000000000e+00	9.050163584249212301e-01
1.000000000000000000e+00	6.035202836901537582e-01
1.000000000000000000e+00	6.998530707971294396e-01
0.000000000000000000e+00	3.625669220659339387e-01
1.000000000000000000e+00	7.095980417831261322e-01
1.000000000000000000e+00	6.728068183451957340e-01
1.000000000000000000e+00	7.555748325094172602e-01
0.000000000000000000e+00	1.756434026751955979e-01
1.000000000000000000e+00	1.092214066291074204e+00
0.000000000000000000e+00	-9.473025036964020928e-02
1.000000000000000000e+00	7.115329225667049728e-01
0.000000000000000000e+00	2.666935915433133464e-01
1.000000000000000000e+00	8.472249952942755291e-01
1.000000000000000000e+00	1.234282062568760718e+00
1.000000000000000000e+00	7.805777174445854838e-01
0.000000000000000000e+00	2.431747120195515421e-01
1.000000000000000000e+00	5.090663499236534051e-01
0.000000000000000000e+00	1.341025027844216511e-01
0.000000000000000000e+00	3.532623280419070477e-01
0.000000000000000000e+00	1.521294474706712772e-02
1.000000000000000000e+00	6.337505680899198079e-01
1.000000000000000000e+00	1.015885785595695090e+00
0.000000000000000000e+00	1.379072076027042792e-01
1.000000000000000000e+00	1.154686655029841802e+00
1.000000000000000000e+00	7.300252256586856614e-01
0.000000000000000000e+00	5.815187056533596133e-01
1.000000000000000000e+00	1.002813651560525932e+00
0.000000000000000000e+00	1.488217976928097042e-01
1.000000000000000000e+00	1.089401737276704196e+00
1.000000000000000000e+00	1.115176661993508622e+00
1.000000000000000000e+00	1.317424531291615519e+00
1.000000000000000000e+00	5.531369590255439395e-01
1.000000000000000000e+00	7.240493705829676996e-01
1.000000000000000000e+00	5.202438794474093520e-01
1.000000000000000000e+00	1.288408508365524341e+00
1.000000000000000000e+00	9.369925581233381484e-01
1.000000000000000000e+00	5.904551919109531921e-01
1.000000000000000000e+00	8.482005110447827789e-01
0.000000000000000000e+00	5.972380038889568699e-01
1.000000000000000000e+00	7.082346439530297078e-01
0.000000000000000000e+00	4.730394644354796174e-01
0.000000000000000000e+00	3.001509110322047036e-01
0.000000000000000000e+00	-8.589125386609961499e-01
0.000000000000000000e+00	2.350108725804134768e-01
