1.000000000000000000e+00	9.047687691610649674e-01
1.000000000000000000e+00	7.447800537867882431e-01
0.000000000000000000e+00	-9.648455202972620881e-02
1.000000000000000000e+00	5.960989351417975701e-01
0.000000000000000000e+00	-2.228085801463677851e-02
0.000000000000000000e+00	2.205203150226082431e-01
0.000000000000000000e+00	4.060145205059014217e-01
1.000000000000000000e+00	4.413070943597930951e-01
1.000000000000000000e+00	7.424916082644267279e-01
1.000000000000000000e+00	6.257649359017923851e-01
0.000000000000000000e+00	9.747904490984503345e-02
0.000000000000000000e+00	3.450702585952996615e-01
0.000000000000000000e+00	4.081420457643651356e-01
1.000000000000000000e+00	7.424539432439939413e-01
1.000000000000000000e+00	2.722423224949303555e-01
0.000000000000000000e+00	1.024243768094533491e-01
1.000000000000000000e+00	9.369597708237615841e-01
1.000000000000000000e+00	5.151974813332936831e-01
0.000000000000000000e+00	-3.741253950771943892e-01
1.000000000000000000e+00	7.304185586419762455e-01
0.000000000000000000e+00	-1.698945759033831937e-01
0.000000000000000000e+00	2.486207626663655412e-01
1.000000000000000000e+00	1.123584311126217816e+00
0.000000000000000000e+00	5.685405286629405808e-01
0.000000000000000000e+00	-1.805467899573011958e-01
0.000000000000000000e+00	1.209456983991390733e-01
1.000000000000000000e+00	9.338542466617741900e-01
0.000000000000000000e+00	-1.304557131592626873e-01
1.000000000000000000e+00	1.235036244041978870e+00
1.000000000000000000e+00	6.096014163320530033e-01
1.000000000000000000e+00	6.358959847152061418e-01
0.000000000000000000e+00	-1.723723435596753728e-01
1.000000000000000000e+00	9.709336051810832924e-01
1.000000000000000000e+00	7.497729799515069349e-01
1.000000000000000000e+00	6.396545639339168421e-01
1.000000000000000000e+00	5.285279024288769278e-01
1.000000000000000000e+00	6.638090149294335607e-01
1.000000000000000000e+00	9.414439703430822481e-01
0.000000000000000000e+00	-1.186441097085132318e-01
1.000000000000000000e+00	5.995847608987399102e-01
1.000000000000000000e+00	1.105384714373225608e+00
1.000000000000000000e+00	6.205440200426165509e-01
1.000000000000000000e+00	9.751800264253016604e-01
0.000000000000000000e+00	3.797517014647336375e-01
0.000000000000000000e+00	3.929162661780806198e-01
0.000000000000000000e+00	5.113295441155730758e-01
1.000000000000000000e+00	1.191915020124815205e+00
0.000000000000000000e+00	7.465246167329483984e-02
1.000000000000000000e+00	6.314814490387685719e-01
1.000000000000000000e+00	9.345286616642405342e-01
1.000000000000000000e+00	7.421370835611162953e-01
0.000000000000000000e+00	2.689764819937559559e-01
0.000000000000000000e+00	5.027787362644567937e-01
0.000000000000000000e+00	4.468340549560196884e-01
0.000000000000000000e+00	3.373096842686600927e-01
1.000000000000000000e+00	1.080969149190689871e+00
0.000000000000000000e+00	3.491877375442514753e-01
1.000000000000000000e+00	7.381348509136013147e-01
1.000000000000000000e+00	1.218866459579510231e+00
1.000000000000000000e+00	4.219846336620030058e-01
1.000000000000000000e+00	1.657236581064127190e+00
1.000000000000000000e+00	8.208898474270823753e-01
0.000000000000000000e+00	-1.069561576833972204e-02
1.000000000000000000e+00	1.115470755010947723e+00
1.000000000000000000e+00	7.996016453201967300e-01
0.000000000000000000e+00	1.127274327282583449e-01
0.000000000000000000e+00	-1.175962368154252480e-01
0.000000000000000000e+00	2.968649483437240111e-01
0.000000000000000000e+00	-2.079656936094824993e-01
0.000000000000000000e+00	2.757104597361842990e-01
1.000000000000000000e+00	4.075344577875458230e-01
0.000000000000000000e+00	-1.521330176030099013e-01
1.000000000000000000e+00	3.864122583021026847e-01
1.000000000000000000e+00	6.762495851871531682e-01
0.000000000000000000e+00	1.003892754757253758e-01
1.000000000000000000e+00	6.706409509165326410e-01
0.000000000000000000e+00	-3.123085499302429846e-01
1.000000000000000000e+00	7.434753377732224999e-01
0.000000000000000000e+00	-1.195189303759396776e-01
0.000000000000000000e+00	1.750842933557083814e-01
0.000000000000000000e+00	4.695982119596378013e-01
1.000000000000000000e+00	1.016358544253053164e+00
0.000000000000000000e+00	-6.161136822505203919e-02
0.000000000000000000e+00	1.204040305364827979e-01
1.000000000000000000e+00	7.490962533679242918e-01
0.000000000000000000e+00	-8.879559654633104038e-02
0.000000000000000000e+00	4.068564404789700717e-01
0.000000000000000000e+00	1.083147689186749751e-01
0.000000000000000000e+00	-3.036657331536302129e-01
0.000000000000000000e+00	2.741732219687001426e-01
0.000000000000000000e+00	4.241634576609621399e-01
0.000000000000000000e+00	1.187149690370946087e-01
0.000000000000000000e+00	2.801971590449041649e-01
0.000000000000000000e+00	4.738524439008502953e-01
0.000000000000000000e+00	1.461933057925300650e-01
1.000000000000000000e+00	8.612919245599121032e-01
1.000000000000000000e+00	5.957433276527587251e-01
0.000000000000000000e+00	-1.155239883622218196e-02
0.000000000000000000e+00	8.835831052077559866e-03
0.000000000000000000e+00	2.705366755538069490e-01
0.000000000000000000e+00	-1.491921662857969288e-01
1.000000000000000000e+00	1.116382436193591676e+00
1.000000000000000000e+00	8.013503296840938095e-01
1.000000000000000000e+00	8.990113220606497091e-01
1.000000000000000000e+00	1.033493365700698607e+00
1.000000000000000000e+00	7.585130172572571716e-01
1.000000000000000000e+00	4.779613155848632111e-01
0.000000000000000000e+00	4.146287972173319791e-01
1.000000000000000000e+00	8.990988321495877456e-01
1.000000000000000000e+00	6.607215516371309771e-01
1.000000000000000000e+00	6.569438896535285677e-01
0.000000000000000000e+00	9.701395755323793946e-02
0.000000000000000000e+00	3.595059579692145846e-01
1.000000000000000000e+00	6.878877819074613598e-01
1.000000000000000000e+00	8.764559097331577897e-01
1.000000000000000000e+00	9.956942654093686729e-01
0.000000000000000000e+00	5.586325593731864547e-01
1.000000000000000000e+00	8.770222966484091387e-01
0.000000000000000000e+00	4.728568284041395064e-01
0.000000000000000000e+00	3.367371708132703145e-01
1.000000000000000000e+00	1.104015733227941221e+00
0.000000000000000000e+00	4.963263775009356116e-01
1.000000000000000000e+00	4.475138835051490904e-01
1.000000000000000000e+00	9.096959273334698226e-01
0.000000000000000000e+00	-1.694503064014849514e-01
1.000000000000000000e+00	1.101674824637827843e+00
1.000000000000000000e+00	6.976421594011549265e-01
0.000000000000000000e+00	2.450264698901152005e-01
0.000000000000000000e+00	-2.241330733942222542e-01
1.000000000000000000e+00	7.202586571601969911e-01
0.000000000000000000e+00	7.409079092592116833e-01
0.000000000000000000e+00	4.133702179492058093e-01
0.000000000000000000e+00	-3.180944237497095317e-01
0.000000000000000000e+00	4.913763777611698247e-01
0.000000000000000000e+00	1.245870393541470417e-01
0.000000000000000000e+00	-2.483972667291903941e-02
0.000000000000000000e+00	5.214642724136121510e-01
1.000000000000000000e+00	6.682233459678915688e-01
1.000000000000000000e+00	7.533173184729482497e-01
0.000000000000000000e+00	5.527236803209298888e-01
1.000000000000000000e+00	4.366967735017763252e-01
0.000000000000000000e+00	1.420153111902319049e-02
0.000000000000000000e+00	6.422845027753859570e-01
0.000000000000000000e+00	4.344409773613043813e-01
0.000000000000000000e+00	2.600285674072471687e-01
0.000000000000000000e+00	2.763061402760976226e-01
1.000000000000000000e+00	7.188118718618268232e-01
1.000000000000000000e+00	6.939068006988795556e-01
1.000000000000000000e+00	7.312734164979368678e-01
1.000000000000000000e+00	6.534947720633713653e-01
1.000000000000000000e+00	4.224634875109564147e-01
1.000000000000000000e+00	1.042081879077237483e+00
1.000000000000000000e+00	8.498343434043427180e-01
0.000000000000000000e+00	4.112437897708846601e-01
1.000000000000000000e+00	5.773625763728187366e-01
0.000000000000000000e+00	4.618771200270928579e-01
0.000000000000000000e+00	4.405306446916206209e-01
0.000000000000000000e+00	9.164131536731653926e-02
1.000000000000000000e+00	1.105777746624757585e+00
0.000000000000000000e+00	1.026684352736917383e-01
0.000000000000000000e+00	2.384623472697655622e-01
0.000000000000000000e+00	3.567966440969826403e-01
1.000000000000000000e+00	7.286394566867206990e-01
0.000000000000000000e+00	1.833159933711907275e-01
0.000000000000000000e+00	4.359034092612625311e-01
1.000000000000000000e+00	7.112890956169808376e-01
1.000000000000000000e+00	5.536063950119672894e-01
0.000000000000000000e+00	2.654157824874668892e-01
1.000000000000000000e+00	9.199845809365659877e-01
1.000000000000000000e+00	9.429060432269961156e-01
0.000000000000000000e+00	4.021319323331526974e-01
0.000000000000000000e+00	5.931940142192769772e-01
1.000000000000000000e+00	5.717742466086660480e-01
0.000000000000000000e+00	1.503905332827930319e-01
1.000000000000000000e+00	6.780626612221409832e-01
0.000000000000000000e+00	3.719422118373257313e-01
0.000000000000000000e+00	3.872410968011915089e-01
0.000000000000000000e+00	3.332949165490362575e-01
0.000000000000000000e+00	1.320302117620208993e-01
1.000000000000000000e+00	9.030716685627659945e-01
0.000000000000000000e+00	2.570776692892822179e-01
1.000000000000000000e+00	4.601057177169207701e-01
1.000000000000000000e+00	1.158759721245165908e+00
1.000000000000000000e+00	1.499644107677178484e+00
1.000000000000000000e+00	3.646222600780719136e-01
0.000000000000000000e+00	3.200333710944532895e-01
0.000000000000000000e+00	5.553848020992271373e-01
1.000000000000000000e+00	1.278063303622102298e+00
1.000000000000000000e+00	5.981880488161400722e-01
0.000000000000000000e+00	3.952004846826976392e-01
0.000000000000000000e+00	2.900379426147109418e-01
1.000000000000000000e+00	6.967681703316156439e-01
0.000000000000000000e+00	3.569295380545006724e-01
0.000000000000000000e+00	1.939636142720330136e-01
1.000000000000000000e+00	6.559701130031466709e-01
1.000000000000000000e+00	1.248576036597081051e+00
1.000000000000000000e+00	1.254827556663758337e+00
0.000000000000000000e+00	3.514994528232916471e-01
1.000000000000000000e+00	7.661527195341223395e-01
0.000000000000000000e+00	1.324918410682061620e-01
0.000000000000000000e+00	4.218979673832887189e-01
1.000000000000000000e+00	1.034531887184419130e+00
1.000000000000000000e+00	8.900499816263498509e-01
1.000000000000000000e+00	7.143600981996565125e-01
1.000000000000000000e+00	6.891240977970324311e-01
0.000000000000000000e+00	3.050692999780412751e-01
1.000000000000000000e+00	4.296689811559136762e-01
1.000000000000000000e+00	4.659975425916953462e-01
0.000000000000000000e+00	6.419443766379356875e-01
1.000000000000000000e+00	1.102849390482190106e+00
0.000000000000000000e+00	-2.125516290765532834e-01
1.000000000000000000e+00	7.173649548696130474e-01
0.000000000000000000e+00	1.462882504727931465e-01
0.000000000000000000e+00	1.775776531006284242e-01
1.000000000000000000e+00	8.770878426344337342e-01
1.000000000000000000e+00	1.292928620963257558e+00
1.000000000000000000e+00	5.009106264491539617e-01
0.000000000000000000e+00	4.035211212357276978e-01
1.000000000000000000e+00	1.070911217280240413e+00
0.000000000000000000e+00	-3.497026671239182316e-01
1.000000000000000000e+00	5.110916492002216538e-01
1.000000000000000000e+00	1.054940946608239560e+00
1.000000000000000000e+00	7.406138492659931627e-01
0.000000000000000000e+00	1.129010909209252345e-01
1.000000000000000000e+00	1.155711598857941391e+00
1.000000000000000000e+00	1.110098081717898921e+00
0.000000000000000000e+00	3.739611683295241407e-01
1.000000000000000000e+00	9.730427019139232803e-01
0.000000000000000000e+00	3.436003454675873314e-01
0.000000000000000000e+00	6.450630427878423223e-01
1.000000000000000000e+00	7.480905390152120527e-01
1.000000000000000000e+00	8.188508603930803043e-01
0.000000000000000000e+00	2.473670892412088707e-01
0.000000000000000000e+00	1.287202093099415745e-01
1.000000000000000000e+00	1.188583664969896647e+00
1.000000000000000000e+00	5.147299331288827107e-01
0.000000000000000000e+00	5.526094335812576919e-01
1.000000000000000000e+00	7.849215187675553373e-01
0.000000000000000000e+00	3.435942295979061423e-01
1.000000000000000000e+00	1.233807884199193072e+00
1.000000000000000000e+00	1.071446192694638144e+00
0.000000000000000000e+00	5.382819149140970483e-01
0.000000000000000000e+00	2.132670266816226179e-01
1.000000000000000000e+00	1.592555936108093873e+00
1.000000000000000000e+00	5.602148077397729464e-01
1.000000000000000000e+00	8.992755213174525863e-01
0.000000000000000000e+00	4.267379358180938831e-01
1.000000000000000000e+00	1.504607444041047737e+00
1.000000000000000000e+00	5.626878749475102692e-01
1.000000000000000000e+00	6.679033414031640969e-01
1.000000000000000000e+00	9.850942733917763539e-01
1.000000000000000000e+00	6.231439265305422914e-01
0.000000000000000000e+00	1.462007876176790455e-01
1.000000000000000000e+00	6.098117521900947580e-01
0.000000000000000000e+00	2.142406274249868126e-01
1.000000000000000000e+00	7.280254295670629539e-01
0.000000000000000000e+00	-5.584015408614768639e-01
0.000000000000000000e+00	2.243010517492661227e-01
1.000000000000000000e+00	8.062018201895521097e-01
1.000000000000000000e+00	6.454355627920590477e-01
0.000000000000000000e+00	2.603673769854853992e-01
1.000000000000000000e+00	5.558997066343206450e-01
0.000000000000000000e+00	4.255850338206766947e-01
1.000000000000000000e+00	1.135185743894428168e+00
0.000000000000000000e+00	5.219194019205548596e-01
0.000000000000000000e+00	8.492532150182691142e-02
1.000000000000000000e+00	5.379289062392560439e-01
1.000000000000000000e+00	7.219621007439126492e-01
0.000000000000000000e+00	1.495073713447223063e-01
1.000000000000000000e+00	7.451334513840970342e-01
1.000000000000000000e+00	1.187628013278210437e+00
1.000000000000000000e+00	8.587234347662511258e-01
0.000000000000000000e+00	3.796027744932510273e-01
1.000000000000000000e+00	8.258294332215141420e-01
1.000000000000000000e+00	4.378663863568750814e-01
0.000000000000000000e+00	5.624193145532041527e-01
1.000000000000000000e+00	1.547487581084878272e+00
1.000000000000000000e+00	9.350093847618812237e-01
1.000000000000000000e+00	1.131648498674437509e+00
0.000000000000000000e+00	3.728646619957655672e-01
0.000000000000000000e+00	2.508942145877389729e-01
1.000000000000000000e+00	9.744824693065934351e-01
1.000000000000000000e+00	9.362472535290875530e-01
0.000000000000000000e+00	-3.567782289668796625e-01
1.000000000000000000e+00	4.603628440247524156e-01
1.000000000000000000e+00	1.101254660043113009e+00
1.000000000000000000e+00	1.350891282815195993e+00
1.000000000000000000e+00	6.487783193686281757e-01
0.000000000000000000e+00	4.523061383033543104e-01
0.000000000000000000e+00	-2.199071599862091053e-01
1.000000000000000000e+00	1.716476269517013709e+00
1.000000000000000000e+00	7.432111503725409296e-01
1.000000000000000000e+00	6.103765210650170525e-01
1.000000000000000000e+00	6.276448496975939317e-01
1.000000000000000000e+00	1.324122416471928076e+00
1.000000000000000000e+00	9.222304117531363588e-01
0.000000000000000000e+00	5.359158779126159677e-01
0.000000000000000000e+00	2.323359517924685480e-01
0.000000000000000000e+00	6.988304369686612616e-02
1.000000000000000000e+00	5.140576577690757487e-01
1.000000000000000000e+00	6.030358873569706679e-01
0.000000000000000000e+00	6.489752414348685106e-01
0.000000000000000000e+00	2.153954189684308407e-01
0.000000000000000000e+00	4.168331888455435036e-03
0.000000000000000000e+00	7.572868656469801119e-01
0.000000000000000000e+00	3.534367481056485683e-01
0.000000000000000000e+00	3.202884822842309576e-01
0.000000000000000000e+00	1.583263727067204807e-01
0.000000000000000000e+00	1.718939219346291569e-01
0.000000000000000000e+00	1.497944566402513444e-01
0.000000000000000000e+00	2.895890167661140380e-01
0.000000000000000000e+00	4.450483556582938705e-01
0.000000000000000000e+00	2.564962137541511034e-01
0.000000000000000000e+00	1.384969753781019886e-01
1.000000000000000000e+00	1.089640583166540555e+00
0.000000000000000000e+00	-1.978464417933303576e-01
1.000000000000000000e+00	6.671008309946527826e-01
1.000000000000000000e+00	5.637170013844540195e-01
1.000000000000000000e+00	1.104494263852605407e+00
0.000000000000000000e+00	3.109874504984444510e-01
0.000000000000000000e+00	3.913114721670503671e-01
0.000000000000000000e+00	2.598484212508911928e-01
0.000000000000000000e+00	4.645109870727828771e-01
0.000000000000000000e+00	4.141804059221082523e-01
0.000000000000000000e+00	5.480548045708149019e-01
0.000000000000000000e+00	-7.764463093029744245e-02
1.000000000000000000e+00	1.685327244470625097e+00
0.000000000000000000e+00	-3.075536147752472305e-01
1.000000000000000000e+00	8.409991682854858208e-01
0.000000000000000000e+00	-1.615477628174385172e-01
1.000000000000000000e+00	4.827687425995214054e-01
1.000000000000000000e+00	9.196203171544778954e-01
0.000000000000000000e+00	5.696641697310339536e-01
1.000000000000000000e+00	5.339245403668557710e-01
1.000000000000000000e+00	1.306852027395790428e+00
1.000000000000000000e+00	8.177898915296742954e-01
0.000000000000000000e+00	1.302871145534388320e-01
1.000000000000000000e+00	8.592157172878757132e-01
1.000000000000000000e+00	1.227960928081713199e+00
0.000000000000000000e+00	-2.199165664238088846e-01
0.000000000000000000e+00	2.798875709360774677e-01
1.000000000000000000e+00	1.018550676206855243e+00
1.000000000000000000e+00	8.276719314164249219e-01
1.000000000000000000e+00	1.089411663849412459e+00
1.000000000000000000e+00	5.387637882649776166e-01
0.000000000000000000e+00	1.118343221057946091e-01
0.000000000000000000e+00	4.819912470161897416e-02
1.000000000000000000e+00	7.334101797669643208e-01
0.000000000000000000e+00	2.849018204656070807e-01
1.000000000000000000e+00	9.399591985212950584e-01
0.000000000000000000e+00	1.861235499128566506e-01
1.000000000000000000e+00	1.166980431064214230e+00
1.000000000000000000e+00	6.484603595763102080e-01
1.000000000000000000e+00	5.390276765765649181e-01
1.000000000000000000e+00	1.131554265842300788e+00
1.000000000000000000e+00	1.193826504535397959e+00
1.000000000000000000e+00	9.876952558295977180e-01
1.000000000000000000e+00	9.244240975645885428e-01
0.000000000000000000e+00	2.015517806456001981e-01
1.000000000000000000e+00	1.076353791237869340e+00
0.000000000000000000e+00	3.015956813140050485e-01
1.000000000000000000e+00	6.310363785949829607e-01
0.000000000000000000e+00	4.076852059618614188e-01
1.000000000000000000e+00	3.586963095784264643e-01
0.000000000000000000e+00	6.264607574010466751e-01
1.000000000000000000e+00	9.553343533251454911e-01
0.000000000000000000e+00	2.873948090928065136e-01
1.000000000000000000e+00	7.913092642267284260e-01
0.000000000000000000e+00	-2.635460651748946503e-01
1.000000000000000000e+00	6.245028423386920213e-01
0.000000000000000000e+00	1.665584467543666514e-01
0.000000000000000000e+00	4.669777233312397691e-01
0.000000000000000000e+00	-1.104892031751702058e-01
1.000000000000000000e+00	7.220046938172569595e-01
1.000000000000000000e+00	6.982434039614916488e-01
1.000000000000000000e+00	8.794302766720922815e-01
1.000000000000000000e+00	4.457069661414936879e-01
0.000000000000000000e+00	-2.885273319689835025e-01
0.000000000000000000e+00	1.860716680575272841e-01
1.000000000000000000e+00	8.419087107174652029e-01
0.000000000000000000e+00	4.470886631976046521e-01
0.000000000000000000e+00	3.263860293584878725e-01
1.000000000000000000e+00	6.702396930546791198e-01
1.000000000000000000e+00	6.788995922215680379e-01
1.000000000000000000e+00	6.141411337188659170e-01
1.000000000000000000e+00	7.332409567954943919e-01
1.000000000000000000e+00	3.991727230143272687e-01
1.000000000000000000e+00	6.000432639609032393e-01
1.000000000000000000e+00	6.487821760257975745e-01
1.000000000000000000e+00	5.212174098701225500e-01
1.000000000000000000e+00	8.158980781166027541e-01
0.000000000000000000e+00	-1.223807455338662420e-01
0.000000000000000000e+00	-5.381956248122863329e-01
1.000000000000000000e+00	1.152231055225594103e+00
1.000000000000000000e+00	1.168738731350973836e+00
1.000000000000000000e+00	6.005493855993332408e-01
0.000000000000000000e+00	-9.883087965134818020e-02
0.000000000000000000e+00	2.465459403425989682e-01
0.000000000000000000e+00	2.527392804169665275e-01
0.000000000000000000e+00	4.988963993490774101e-02
0.000000000000000000e+00	7.444831280224065151e-02
0.000000000000000000e+00	5.781043585685767816e-01
1.000000000000000000e+00	6.987469706896155541e-01
1.000000000000000000e+00	7.768826656081476711e-01
1.000000000000000000e+00	5.993415519405722591e-01
0.000000000000000000e+00	1.215802887417983119e-01
1.000000000000000000e+00	7.408302448015268160e-01
1.000000000000000000e+00	3.836181925877983900e-01
1.000000000000000000e+00	5.973641329925829524e-01
1.000000000000000000e+00	4.720376365582314437e-01
0.000000000000000000e+00	5.389428284300485927e-01
0.000000000000000000e+00	-6.580431257745239515e-02
1.000000000000000000e+00	1.026232472195091949e+00
1.000000000000000000e+00	4.449196371341634926e-01
0.000000000000000000e+00	6.076346212269971847e-01
0.000000000000000000e+00	3.057968369995852642e-01
0.000000000000000000e+00	2.549087094669641104e-02
0.000000000000000000e+00	6.340049771091381681e-01
1.000000000000000000e+00	8.110211361985929512e-01
0.000000000000000000e+00	3.711497373272040767e-01
0.000000000000000000e+00	1.524592780536432601e-01
1.000000000000000000e+00	4.634228233885521742e-01
1.000000000000000000e+00	1.377609045446890779e+00
1.000000000000000000e+00	1.000742772519631840e+00
0.000000000000000000e+00	-2.933444670482731054e-01
1.000000000000000000e+00	9.387233027556142195e-01
0.000000000000000000e+00	4.070696030628362938e-01
0.000000000000000000e+00	8.549312286172738862e-02
1.000000000000000000e+00	5.739138604030321611e-01
1.000000000000000000e+00	8.298906659861418067e-01
0.000000000000000000e+00	1.030463007782987522e-01
1.000000000000000000e+00	5.319629870140440975e-01
0.000000000000000000e+00	3.574320683693120448e-02
1.000000000000000000e+00	1.067540970844371495e+00
0.000000000000000000e+00	3.134992688413691941e-01
1.000000000000000000e+00	9.362342642929316616e-01
0.000000000000000000e+00	4.098687231701576561e-01
0.000000000000000000e+00	2.199573764291473665e-01
1.000000000000000000e+00	8.233200885746502218e-01
1.000000000000000000e+00	6.931221448771679450e-01
0.000000000000000000e+00	1.211836520617637358e-01
0.000000000000000000e+00	2.594002721782899257e-01
0.000000000000000000e+00	6.602999023460258410e-02
0.000000000000000000e+00	2.514544172747169570e-01
0.000000000000000000e+00	4.148607853437084603e-01
0.000000000000000000e+00	3.141666389005422499e-01
0.000000000000000000e+00	3.157100342353315048e-01
0.000000000000000000e+00	-1.779095783916942175e-01
0.000000000000000000e+00	1.638221157425584218e-01
1.000000000000000000e+00	1.196028098506308535e+00
0.000000000000000000e+00	9.188262807914336638e-02
0.000000000000000000e+00	4.154452769953971836e-01
0.000000000000000000e+00	2.654202523972085115e-01
1.000000000000000000e+00	8.728007957817194296e-01
0.000000000000000000e+00	2.698931169851363499e-01
1.000000000000000000e+00	5.779638220211152921e-01
1.000000000000000000e+00	7.666059434656288252e-01
0.000000000000000000e+00	2.948798740315959344e-01
0.000000000000000000e+00	-4.333084420432667394e-02
1.000000000000000000e+00	7.276758022535179116e-01
1.000000000000000000e+00	3.801998270097628474e-01
1.000000000000000000e+00	9.832258944768810238e-01
0.000000000000000000e+00	6.716012479945826508e-01
0.000000000000000000e+00	2.385100128739598702e-01
1.000000000000000000e+00	4.028911870415659013e-01
1.000000000000000000e+00	5.024824915438709239e-01
0.000000000000000000e+00	4.363350064119739802e-01
0.000000000000000000e+00	2.075501816015735690e-01
1.000000000000000000e+00	6.486998653588657016e-01
1.000000000000000000e+00	1.128980508065337229e+00
0.000000000000000000e+00	-2.145603229238014775e-02
1.000000000000000000e+00	1.239303064707591329e+00
0.000000000000000000e+00	1.094425878137347125e-01
1.000000000000000000e+00	1.215236445566718837e+00
1.000000000000000000e+00	7.038458145976852487e-01
1.000000000000000000e+00	1.375108284309297435e+00
1.000000000000000000e+00	6.243831401051500585e-01
1.000000000000000000e+00	6.206290841090404964e-01
1.000000000000000000e+00	1.035934587243771743e+00
1.000000000000000000e+00	9.970899947036516719e-01
0.000000000000000000e+00	2.223384891738696967e-01
0.000000000000000000e+00	3.287042416255008814e-01
1.000000000000000000e+00	9.381790756552408350e-01
1.000000000000000000e+00	9.117136655344590945e-01
1.000000000000000000e+00	7.616469292659597823e-01
0.000000000000000000e+00	5.374951854633096548e-01
0.000000000000000000e+00	4.615592443903216435e-01
0.000000000000000000e+00	9.269405491321056068e-02
1.000000000000000000e+00	6.308156368755862831e-01
0.000000000000000000e+00	-2.332754188106160309e-01
0.000000000000000000e+00	2.447137588798725394e-01
0.000000000000000000e+00	-2.833223164588374778e-03
0.000000000000000000e+00	4.118064608413534722e-01
0.000000000000000000e+00	5.234450018418882467e-01
0.000000000000000000e+00	2.049467291753908627e-01
1.000000000000000000e+00	9.016920620614137238e-01
0.000000000000000000e+00	4.825033088530518155e-01
1.000000000000000000e+00	1.020872719523454597e+00
1.000000000000000000e+00	6.984250093789616809e-01
1.000000000000000000e+00	8.129368036139935638e-01
0.000000000000000000e+00	-4.641952848937973553e-01
0.000000000000000000e+00	3.873984241646635102e-02
1.000000000000000000e+00	6.981211954857781121e-01
0.000000000000000000e+00	-1.044320138655243091e-01
1.000000000000000000e+00	8.191513907669591976e-01
0.000000000000000000e+00	-3.385130689134257555e-03
0.000000000000000000e+00	4.169038182961309902e-01
1.000000000000000000e+00	4.571474777601175488e-01
1.000000000000000000e+00	5.383422774711428271e-01
0.000000000000000000e+00	2.360733523871191841e-01
1.000000000000000000e+00	4.355630139282594127e-01
0.000000000000000000e+00	4.942665306120429536e-01
1.000000000000000000e+00	4.740576578722305867e-01
1.000000000000000000e+00	7.511787447834888942e-01
0.000000000000000000e+00	-5.466852072040227772e-02
0.000000000000000000e+00	4.226312805430147423e-01
1.000000000000000000e+00	7.116897465147028479e-01
0.000000000000000000e+00	1.415462187058748877e-01
1.000000000000000000e+00	3.605378522070132319e-01
0.000000000000000000e+00	-1.214474444829117955e-01
0.000000000000000000e+00	2.466187056160165647e-01
0.000000000000000000e+00	4.707116932409013410e-01
1.000000000000000000e+00	4.804812411041032849e-01
1.000000000000000000e+00	8.237708320856573785e-01
0.000000000000000000e+00	-6.510079655357886574e-02
0.000000000000000000e+00	1.158303319135502579e-01
0.000000000000000000e+00	-5.942895776085027615e-01
1.000000000000000000e+00	1.231963924643068031e+00
0.000000000000000000e+00	4.124004348694245703e-01
1.000000000000000000e+00	5.243806511051855024e-01
1.000000000000000000e+00	5.333854580105750198e-01
0.000000000000000000e+00	7.143724077632307434e-01
1.000000000000000000e+00	1.055444298957724181e+00
0.000000000000000000e+00	1.712661503826864162e-01
1.000000000000000000e+00	1.234118813903034795e+00
0.000000000000000000e+00	3.194399822351334794e-01
1.000000000000000000e+00	7.729291078870528242e-01
1.000000000000000000e+00	8.320636294521495113e-01
1.000000000000000000e+00	8.045933015007253886e-01
1.000000000000000000e+00	6.144176817583225647e-01
0.000000000000000000e+00	4.679003792089110880e-01
0.000000000000000000e+00	3.323839682120822980e-02
0.000000000000000000e+00	5.956721418873683893e-01
0.000000000000000000e+00	5.631175982030704741e-02
0.000000000000000000e+00	1.027528363130868622e-01
0.000000000000000000e+00	-3.843979050352597793e-01
1.000000000000000000e+00	8.319626487006701598e-01
1.000000000000000000e+00	1.232466351068377763e+00
1.000000000000000000e+00	7.088761453350869157e-01
0.000000000000000000e+00	3.093340061676817521e-01
0.000000000000000000e+00	1.812633665783872361e-01
1.000000000000000000e+00	6.336395087160809902e-01
0.000000000000000000e+00	2.542166491659644811e-01
0.000000000000000000e+00	6.426112787275949367e-01
1.000000000000000000e+00	1.015816821247719659e+00
0.000000000000000000e+00	3.495463984858583339e-01
1.000000000000000000e+00	6.645121600819967611e-01
0.000000000000000000e+00	3.257422147603390994e-01
0.000000000000000000e+00	-4.401662673517008351e-01
0.000000000000000000e+00	5.311620861982859765e-01
1.000000000000000000e+00	6.244007418187763614e-01
0.000000000000000000e+00	7.344032725261612216e-02
0.000000000000000000e+00	3.759933802630871513e-01
0.000000000000000000e+00	9.239323126752262139e-02
0.000000000000000000e+00	-3.389388036015918981e-01
1.000000000000000000e+00	8.681024122334726201e-01
0.000000000000000000e+00	-1.991395259637938897e-02
1.000000000000000000e+00	6.128780862444911381e-01
0.000000000000000000e+00	3.127606832030097039e-01
0.000000000000000000e+00	-3.044778818056749214e-01
0.000000000000000000e+00	3.024772067492610406e-01
0.000000000000000000e+00	-1.819594909951413042e-01
0.000000000000000000e+00	5.837891797732998322e-02
1.000000000000000000e+00	6.925722740770741126e-01
1.000000000000000000e+00	8.853907223677200955e-01
0.000000000000000000e+00	2.788953783914311924e-01
1.000000000000000000e+00	8.613006754432351864e-01
1.000000000000000000e+00	9.403402147082179363e-01
1.000000000000000000e+00	1.290385520412659082e+00
0.000000000000000000e+00	5.440844457854348004e-01
0.000000000000000000e+00	1.452816194947902789e-02
1.000000000000000000e+00	6.894191795565177694e-01
0.000000000000000000e+00	4.854214898351452701e-01
0.000000000000000000e+00	1.048004379737674102e-01
0.000000000000000000e+00	1.577303628319068896e-01
1.000000000000000000e+00	1.224098857220494718e+00
0.000000000000000000e+00	-1.876333009421155551e-01
1.000000000000000000e+00	1.003151204846332467e+00
1.000000000000000000e+00	8.610087166140933945e-01
1.000000000000000000e+00	6.021405055417353713e-01
1.000000000000000000e+00	7.830567466678586275e-01
0.000000000000000000e+00	4.512821124719731958e-01
0.000000000000000000e+00	1.668642082837839824e-01
0.000000000000000000e+00	2.564600221628920429e-01
1.000000000000000000e+00	6.650794176065567553e-01
1.000000000000000000e+00	9.844761465899208863e-01
0.000000000000000000e+00	2.921674202024076017e-01
0.000000000000000000e+00	-6.342704638418787677e-02
1.000000000000000000e+00	7.935367341732794122e-01
0.000000000000000000e+00	-3.346536811091535002e-01
0.000000000000000000e+00	1.458387863310794119e-01
0.000000000000000000e+00	4.094841450265054861e-02
1.000000000000000000e+00	5.438300813593710537e-01
0.000000000000000000e+00	-1.080638974979634404e-01
1.000000000000000000e+00	8.512639101985770562e-01
0.000000000000000000e+00	1.183096057861515588e-01
0.000000000000000000e+00	4.129078700097765786e-01
0.000000000000000000e+00	1.579282620968303907e-01
1.000000000000000000e+00	1.322888245491150361e+00
0.000000000000000000e+00	-9.815627657037187537e-02
0.000000000000000000e+00	4.181731697781378432e-01
1.000000000000000000e+00	6.340123947423665918e-01
1.000000000000000000e+00	7.228832797959994227e-01
0.000000000000000000e+00	4.328210035589683535e-01
1.000000000000000000e+00	1.246741750801004578e+00
1.000000000000000000e+00	1.368137464991197927e+00
0.000000000000000000e+00	2.955538656745642090e-01
1.000000000000000000e+00	1.212791348242139522e+00
1.000000000000000000e+00	7.350367644300931369e-01
0.000000000000000000e+00	4.533284733597210403e-01
0.000000000000000000e+00	2.043885970196843704e-01
0.000000000000000000e+00	5.035512679296608729e-01
1.000000000000000000e+00	5.643390187307696371e-01
0.000000000000000000e+00	3.315874811273253342e-01
0.000000000000000000e+00	-1.227565878160227220e-01
1.000000000000000000e+00	7.445793456022786749e-01
0.000000000000000000e+00	5.906400686516779519e-01
0.000000000000000000e+00	4.595079229930492670e-01
1.000000000000000000e+00	6.562512318881470463e-01
1.000000000000000000e+00	4.201716935118544050e-01
1.000000000000000000e+00	7.371012235182762273e-01
0.000000000000000000e+00	2.425378974708542190e-01
0.000000000000000000e+00	2.354921594458075917e-01
0.000000000000000000e+00	5.344359917737999677e-01
0.000000000000000000e+00	1.913509788332676542e-01
1.000000000000000000e+00	4.832072902092212630e-01
1.000000000000000000e+00	6.035123728768921891e-01
1.000000000000000000e+00	7.745015889168826995e-01
1.000000000000000000e+00	6.400619736331215615e-01
1.000000000000000000e+00	3.519090000422456233e-01
1.000000000000000000e+00	1.035610321500646469e+00
0.000000000000000000e+00	1.123635869981800747e-02
1.000000000000000000e+00	7.920458801773678781e-01
0.000000000000000000e+00	2.247942065333441986e-01
1.000000000000000000e+00	7.339756748319897772e-01
1.000000000000000000e+00	1.333861373448207210e+00
0.000000000000000000e+00	2.597196030025998859e-01
1.000000000000000000e+00	6.504890988981024691e-01
1.000000000000000000e+00	5.554411991750604072e-01
0.000000000000000000e+00	1.099772153438560440e-01
0.000000000000000000e+00	2.503611197392070498e-01
1.000000000000000000e+00	7.110599529975911715e-01
1.000000000000000000e+00	1.102662014969448157e+00
1.000000000000000000e+00	4.406861326480857044e-01
0.000000000000000000e+00	3.688526163911568650e-02
0.000000000000000000e+00	6.047211202451443501e-01
1.000000000000000000e+00	1.299216040462314314e+00
0.000000000000000000e+00	1.421194700436238245e-01
1.000000000000000000e+00	2.876586514378682846e-01
1.000000000000000000e+00	9.853753355660890279e-01
0.000000000000000000e+00	7.141152181478536143e-01
0.000000000000000000e+00	2.420950254414927505e-01
1.000000000000000000e+00	8.761703083483789456e-01
0.000000000000000000e+00	-4.856499224919322288e-02
0.000000000000000000e+00	3.938458591567854938e-01
1.000000000000000000e+00	4.414691811482786554e-01
0.000000000000000000e+00	4.485141519600525650e-01
0.000000000000000000e+00	7.008996936818684409e-01
1.000000000000000000e+00	8.606164512549002721e-01
0.000000000000000000e+00	-3.218012525731819840e-02
1.000000000000000000e+00	5.071091061811600076e-01
1.000000000000000000e+00	6.687773238866766556e-01
1.000000000000000000e+00	1.376986220734456756e+00
1.000000000000000000e+00	4.127611848145513740e-01
1.000000000000000000e+00	5.922583327062058700e-01
0.000000000000000000e+00	-3.479061323977873377e-01
1.000000000000000000e+00	4.869861689413270134e-01
0.000000000000000000e+00	2.516639797736618389e-01
1.000000000000000000e+00	9.612763155270063198e-01
1.000000000000000000e+00	7.411966114226992142e-01
1.000000000000000000e+00	5.431762696424727865e-01
1.000000000000000000e+00	5.543326833888149174e-01
1.000000000000000000e+00	7.945867903257746168e-01
1.000000000000000000e+00	6.992138348220278132e-01
1.000000000000000000e+00	1.133931452449101984e+00
0.000000000000000000e+00	-2.638536165186159965e-01
0.000000000000000000e+00	-5.157149129924721853e-01
1.000000000000000000e+00	1.063052271702699780e+00
0.000000000000000000e+00	6.769567543445321744e-01
1.000000000000000000e+00	8.708205826322742427e-01
1.000000000000000000e+00	6.993632457865436303e-01
1.000000000000000000e+00	6.792510544192997823e-01
0.000000000000000000e+00	-1.484566821842604918e-02
1.000000000000000000e+00	1.010472731148727599e+00
1.000000000000000000e+00	6.270601974486872399e-01
0.000000000000000000e+00	3.225957928826556631e-01
1.000000000000000000e+00	9.394896911884456081e-01
0.000000000000000000e+00	3.108820172091506517e-01
1.000000000000000000e+00	6.863674346840561435e-01
0.000000000000000000e+00	2.731443038568827086e-01
0.000000000000000000e+00	-1.199318568267965096e-01
1.000000000000000000e+00	1.014710317650290961e+00
0.000000000000000000e+00	1.501670036200685454e-01
0.000000000000000000e+00	4.559370069966844352e-01
0.000000000000000000e+00	6.139688924990039931e-01
1.000000000000000000e+00	1.167238716001920640e+00
1.000000000000000000e+00	5.411968808895509797e-01
1.000000000000000000e+00	1.716799866785821305e+00
1.000000000000000000e+00	9.733153238732261681e-01
0.000000000000000000e+00	3.102176632538773959e-01
1.000000000000000000e+00	9.445567917470719665e-01
1.000000000000000000e+00	9.939529598279933653e-01
0.000000000000000000e+00	3.787927533663916213e-01
1.000000000000000000e+00	7.152337217421985693e-01
1.000000000000000000e+00	9.664027931794110238e-01
1.000000000000000000e+00	4.373126640705992108e-01
0.000000000000000000e+00	3.422068398467064121e-01
0.000000000000000000e+00	3.066618189552575147e-01
0.000000000000000000e+00	3.564441182116855344e-01
1.000000000000000000e+00	5.887648063700143819e-01
0.000000000000000000e+00	1.401002364128309252e-01
0.000000000000000000e+00	2.099547967851583263e-01
1.000000000000000000e+00	1.394160473126358823e+00
0.000000000000000000e+00	4.546877355908867657e-01
0.000000000000000000e+00	3.726675618060973361e-01
1.000000000000000000e+00	7.049203059833185625e-01
1.000000000000000000e+00	6.279446503018326631e-01
1.000000000000000000e+00	8.367152071352882414e-01
1.000000000000000000e+00	1.123286322570312912e+00
1.000000000000000000e+00	8.716630128534683664e-01
1.000000000000000000e+00	5.886678954476819436e-01
1.000000000000000000e+00	8.754890823666822142e-01
1.000000000000000000e+00	8.036217722640234262e-01
0.000000000000000000e+00	4.014734954192220040e-01
1.000000000000000000e+00	1.057235479353648699e+00
1.000000000000000000e+00	5.891660707021868504e-01
1.000000000000000000e+00	9.520756906146560228e-01
1.000000000000000000e+00	9.356946831270350762e-01
0.000000000000000000e+00	2.844252087314291799e-01
1.000000000000000000e+00	8.086405552828905829e-01
1.000000000000000000e+00	9.384385285947814959e-01
0.000000000000000000e+00	1.565039778453738706e-01
1.000000000000000000e+00	7.905244313601023087e-01
0.000000000000000000e+00	2.532419220008294003e-01
0.000000000000000000e+00	3.670324226958233127e-01
0.000000000000000000e+00	-1.599020929946773917e-01
1.000000000000000000e+00	1.449942605768295811e+00
1.000000000000000000e+00	4.507779861696722401e-01
1.000000000000000000e+00	1.165629343165377918e+00
1.000000000000000000e+00	5.640881009754720177e-01
0.000000000000000000e+00	2.069490161395514116e-01
0.000000000000000000e+00	4.194163586265871324e-02
0.000000000000000000e+00	3.522490826152332444e-01
0.000000000000000000e+00	9.697543269998440407e-02
1.000000000000000000e+00	6.615711802696669919e-01
1.000000000000000000e+00	9.194069749856230711e-01
0.000000000000000000e+00	-4.856359730650759710e-02
1.000000000000000000e+00	9.049207696715529936e-01
0.000000000000000000e+00	-4.425513608885403571e-01
1.000000000000000000e+00	7.021585985880604008e-01
1.000000000000000000e+00	6.526497641530781824e-01
0.000000000000000000e+00	8.432010576847122352e-02
0.000000000000000000e+00	-1.901532817775079542e-01
0.000000000000000000e+00	5.333420305415619289e-01
1.000000000000000000e+00	1.171365705717756001e+00
1.000000000000000000e+00	6.335986801532799140e-01
1.000000000000000000e+00	5.194042133569011233e-01
1.000000000000000000e+00	1.218631864185558467e+00
0.000000000000000000e+00	1.020480648181675137e-01
1.000000000000000000e+00	4.256025902940191452e-01
1.000000000000000000e+00	5.691774902866879593e-01
0.000000000000000000e+00	3.558618425003470254e-01
1.000000000000000000e+00	7.937044382772248108e-01
1.000000000000000000e+00	9.611648946205775257e-01
1.000000000000000000e+00	9.356303635792574402e-01
0.000000000000000000e+00	-5.002918827463186391e-01
1.000000000000000000e+00	7.656896449228729473e-01
0.000000000000000000e+00	3.718514268110886811e-01
1.000000000000000000e+00	5.531888165961519332e-01
0.000000000000000000e+00	5.608426077341619465e-01
0.000000000000000000e+00	4.488104577633117431e-01
1.000000000000000000e+00	3.318764707858891105e-01
1.000000000000000000e+00	9.842940651172787936e-01
1.000000000000000000e+00	9.591334877633023170e-01
0.000000000000000000e+00	3.133877665104395360e-01
0.000000000000000000e+00	5.107152179968306172e-01
0.000000000000000000e+00	-1.013677388754102293e-01
1.000000000000000000e+00	6.998807423534116889e-01
0.000000000000000000e+00	1.007199285256876187e-01
0.000000000000000000e+00	4.452932184259726922e-01
1.000000000000000000e+00	7.997710902443335712e-01
1.000000000000000000e+00	4.426400254062910489e-01
0.000000000000000000e+00	6.247718018074546742e-02
1.000000000000000000e+00	9.688624585964403790e-01
1.000000000000000000e+00	1.222494270917688031e+00
0.000000000000000000e+00	3.039066644738265821e-01
0.000000000000000000e+00	-2.784284836956156181e-02
1.000000000000000000e+00	5.905034737655638910e-01
1.000000000000000000e+00	7.322839379398142778e-01
0.000000000000000000e+00	5.081313200978967437e-01
1.000000000000000000e+00	8.196441708773504198e-01
0.000000000000000000e+00	2.645640707283226090e-01
1.000000000000000000e+00	7.106200399698123782e-01
0.000000000000000000e+00	2.460829363397530334e-01
0.000000000000000000e+00	1.277588091045581131e-01
0.000000000000000000e+00	4.462329840412554982e-01
1.000000000000000000e+00	8.377230149685892524e-01
1.000000000000000000e+00	9.750502344049305492e-01
1.000000000000000000e+00	8.377510928551156200e-01
1.000000000000000000e+00	6.885837024394163564e-01
0.000000000000000000e+00	4.220147323196490885e-01
1.000000000000000000e+00	8.774605501192739299e-01
1.000000000000000000e+00	7.871472657315145005e-01
1.000000000000000000e+00	8.088032108647985607e-01
0.000000000000000000e+00	3.292629898482689610e-01
1.000000000000000000e+00	4.006982309324190750e-01
0.000000000000000000e+00	2.282103588919554837e-01
0.000000000000000000e+00	2.096686207390419457e-02
1.000000000000000000e+00	8.279881039401388865e-01
0.000000000000000000e+00	4.139588421505655536e-01
1.000000000000000000e+00	6.555060758082940087e-01
1.000000000000000000e+00	5.871781879514849090e-01
0.000000000000000000e+00	-6.344146268820319290e-02
1.000000000000000000e+00	7.865673995149700115e-01
0.000000000000000000e+00	2.596447182037772694e-01
0.000000000000000000e+00	3.254636031617296754e-01
1.000000000000000000e+00	7.318955730478264865e-01
1.000000000000000000e+00	5.283370034471551735e-01
1.000000000000000000e+00	1.093640005142542115e+00
1.000000000000000000e+00	1.084009369091826658e+00
0.000000000000000000e+00	6.240108475094385820e-01
1.000000000000000000e+00	7.969060390543331041e-01
0.000000000000000000e+00	3.238634008021978317e-01
0.000000000000000000e+00	-8.839848375552520482e-03
1.000000000000000000e+00	1.598837771382416673e+00
0.000000000000000000e+00	1.292421803218276044e-01
1.000000000000000000e+00	7.755059263867304375e-01
0.000000000000000000e+00	5.447876574757386237e-02
0.000000000000000000e+00	4.122936575846667395e-01
0.000000000000000000e+00	2.253268714033416775e-01
0.000000000000000000e+00	4.817976077931124951e-02
1.000000000000000000e+00	8.890161338087376741e-01
1.000000000000000000e+00	7.744261504246700012e-01
0.000000000000000000e+00	-1.059340478445217615e-01
0.000000000000000000e+00	2.296472564565306407e-01
0.000000000000000000e+00	2.475259319628435664e-02
0.000000000000000000e+00	2.950248314233076541e-01
0.000000000000000000e+00	-1.744772335233949478e-01
0.000000000000000000e+00	5.369473653438738836e-01
1.000000000000000000e+00	5.779547444768572406e-01
0.000000000000000000e+00	-3.656442380938644543e-03
0.000000000000000000e+00	9.093937914707912740e-02
1.000000000000000000e+00	7.900698668636594313e-01
0.000000000000000000e+00	5.308890595470061591e-01
1.000000000000000000e+00	8.404849916854137959e-01
1.000000000000000000e+00	7.721496889098962146e-01
1.000000000000000000e+00	1.647948944195457122e+00
1.000000000000000000e+00	9.783092958641446124e-01
1.000000000000000000e+00	5.586971009865372428e-01
1.000000000000000000e+00	8.613867314534142672e-01
1.000000000000000000e+00	3.976542581053030823e-01
0.000000000000000000e+00	3.361395809879715313e-01
1.000000000000000000e+00	1.333563285215562555e+00
1.000000000000000000e+00	5.132028908319155036e-01
1.000000000000000000e+00	5.513530579079880534e-01
1.000000000000000000e+00	1.132754993852452818e+00
0.000000000000000000e+00	4.864073792715503664e-01
1.000000000000000000e+00	1.091663598413163516e+00
1.000000000000000000e+00	7.944436539693585653e-01
0.000000000000000000e+00	5.125998927373281999e-01
0.000000000000000000e+00	3.580762921757024153e-01
0.000000000000000000e+00	1.741070423209015450e-01
1.000000000000000000e+00	7.179761506639994462e-01
1.000000000000000000e+00	8.163795755256425535e-01
1.000000000000000000e+00	9.805456776193568480e-01
1.000000000000000000e+00	4.105062522447135986e-01
0.000000000000000000e+00	-4.624711403072487986e-02
1.000000000000000000e+00	8.321277428355990935e-01
1.000000000000000000e+00	3.381684448597394588e-01
0.000000000000000000e+00	3.773148565826567324e-01
0.000000000000000000e+00	4.486940410531906620e-01
1.000000000000000000e+00	5.072457268679424480e-01
0.000000000000000000e+00	7.000248286240789986e-02
0.000000000000000000e+00	-2.893732071405011874e-01
1.000000000000000000e+00	7.764031252902443558e-01
0.000000000000000000e+00	1.526949651857500700e-01
1.000000000000000000e+00	8.667409670078293216e-01
0.000000000000000000e+00	3.229357962287331407e-01
1.000000000000000000e+00	4.227849150494903951e-01
1.000000000000000000e+00	6.710706051853581044e-01
0.000000000000000000e+00	1.503177291532075965e-01
1.000000000000000000e+00	8.464618480010170920e-01
1.000000000000000000e+00	8.287874873500272743e-01
0.000000000000000000e+00	3.937071625015045595e-01
0.000000000000000000e+00	1.331478031666278317e-01
1.000000000000000000e+00	1.212044856356739420e+00
1.000000000000000000e+00	5.699470399726678238e-01
1.000000000000000000e+00	7.041866295080990712e-01
1.000000000000000000e+00	1.428003829610529074e+00
0.000000000000000000e+00	2.037864704252639880e-02
0.000000000000000000e+00	-5.224907209660052676e-02
1.000000000000000000e+00	7.516016942200348661e-01
1.000000000000000000e+00	5.731855512036562184e-01
0.000000000000000000e+00	3.958273787692631052e-01
1.000000000000000000e+00	1.180574222083311309e+00
0.000000000000000000e+00	1.689090721316096333e-01
0.000000000000000000e+00	-6.234707342719009865e-02
0.000000000000000000e+00	5.192726935269957877e-01
0.000000000000000000e+00	5.409712241776687414e-01
0.000000000000000000e+00	2.255088372965521337e-01
0.000000000000000000e+00	4.258276479179414764e-01
0.000000000000000000e+00	5.108607191629097599e-01
0.000000000000000000e+00	7.270415681037117883e-01
0.000000000000000000e+00	6.449816483699183367e-01
1.000000000000000000e+00	9.808595158571810080e-01
0.000000000000000000e+00	2.166329452847937376e-01
1.000000000000000000e+00	1.046892768716942257e+00
0.000000000000000000e+00	-3.295629487531828716e-01
0.000000000000000000e+00	2.665257064277571364e-01
0.000000000000000000e+00	3.444112997155113903e-02
1.000000000000000000e+00	8.716061160942554231e-01
1.000000000000000000e+00	6.156591242785899309e-01
1.000000000000000000e+00	7.831135715790885632e-01
0.000000000000000000e+00	4.421636711816013809e-01
1.000000000000000000e+00	4.913419729944035197e-01
0.000000000000000000e+00	4.206497013465474999e-01
0.000000000000000000e+00	5.040031772570958968e-02
1.000000000000000000e+00	1.249663874382513917e+00
0.000000000000000000e+00	2.452887268682085731e-01
0.000000000000000000e+00	-4.975451810873143810e-01
1.000000000000000000e+00	3.147190851348559137e-01
0.000000000000000000e+00	3.800284966412891263e-01
1.000000000000000000e+00	4.682637262083917395e-01
1.000000000000000000e+00	8.524815399023681906e-01
0.000000000000000000e+00	3.564269176943891115e-01
1.000000000000000000e+00	1.169995788037377915e+00
0.000000000000000000e+00	4.888312902866155385e-01
1.000000000000000000e+00	7.577831885917499788e-01
1.000000000000000000e+00	9.697187667743601969e-01
0.000000000000000000e+00	6.426518737882291887e-02
1.000000000000000000e+00	5.208335246318444023e-01
0.000000000000000000e+00	4.070520939490624435e-01
1.000000000000000000e+00	4.749074964692985290e-01
1.000000000000000000e+00	6.688342115230538898e-01
1.000000000000000000e+00	1.472682343161962448e+00
0.000000000000000000e+00	3.631242314557672213e-01
1.000000000000000000e+00	1.252729197242533399e+00
0.000000000000000000e+00	-2.032658854302281937e-01
0.000000000000000000e+00	5.702095586484836609e-01
1.000000000000000000e+00	4.391006393157244059e-01
0.000000000000000000e+00	4.176789006071395249e-01
1.000000000000000000e+00	1.228827791338222397e+00
0.000000000000000000e+00	1.143578881465458219e-01
0.000000000000000000e+00	2.979818394041823804e-01
1.000000000000000000e+00	1.040601354599121509e+00
0.000000000000000000e+00	5.295874125864664661e-01
1.000000000000000000e+00	9.063858044413405368e-01
1.000000000000000000e+00	6.060155385734027345e-01
1.000000000000000000e+00	7.017162498054231312e-01
0.000000000000000000e+00	3.645501983537162705e-01
1.000000000000000000e+00	7.104245592695261902e-01
1.000000000000000000e+00	6.747014221124103539e-01
1.000000000000000000e+00	7.569777949107791004e-01
0.000000000000000000e+00	1.784081523296172644e-01
1.000000000000000000e+00	1.093761975250721497e+00
0.000000000000000000e+00	-9.263389361613617867e-02
1.000000000000000000e+00	7.120036142325515405e-01
0.000000000000000000e+00	2.680964997877869904e-01
1.000000000000000000e+00	8.485504026499443020e-01
1.000000000000000000e+00	1.236559524235643748e+00
1.000000000000000000e+00	7.823780914827509481e-01
0.000000000000000000e+00	2.452553420579416943e-01
1.000000000000000000e+00	5.108514455705852608e-01
0.000000000000000000e+00	1.357986854378710195e-01
0.000000000000000000e+00	3.554239286011928178e-01
0.000000000000000000e+00	1.715592155290015380e-02
1.000000000000000000e+00	6.352218103789722958e-01
1.000000000000000000e+00	1.017958890644589998e+00
0.000000000000000000e+00	1.395590154787024473e-01
1.000000000000000000e+00	1.155896815636664465e+00
1.000000000000000000e+00	7.319970021553398043e-01
0.000000000000000000e+00	5.825094787680272779e-01
1.000000000000000000e+00	1.004614156495423183e+00
0.000000000000000000e+00	1.497809386246738150e-01
1.000000000000000000e+00	1.092096434845148734e+00
1.000000000000000000e+00	1.117254367280176686e+00
1.000000000000000000e+00	1.319994247629380002e+00
1.000000000000000000e+00	5.556390582723577110e-01
1.000000000000000000e+00	7.253540172114544271e-01
1.000000000000000000e+00	5.216129631565077363e-01
1.000000000000000000e+00	1.290273725347103051e+00
1.000000000000000000e+00	9.391469831834667881e-01
1.000000000000000000e+00	5.927287119719530928e-01
1.000000000000000000e+00	8.487080710573962072e-01
0.000000000000000000e+00	5.986641330568217567e-01
1.000000000000000000e+00	7.108008183247096490e-01
0.000000000000000000e+00	4.748650752779819961e-01
0.000000000000000000e+00	3.020955105224462645e-01
0.000000000000000000e+00	-8.576166152468244208e-01
0.000000000000000000e+00	2.371803131508595508e-01
