1.000000000000000000e+00	1.048560717141915566e+00
1.000000000000000000e+00	7.326670394672658571e-01
0.000000000000000000e+00	-2.554403415806508759e-01
1.000000000000000000e+00	6.171131120281982962e-01
0.000000000000000000e+00	-2.002560649313529506e-01
0.000000000000000000e+00	4.556699048811576613e-01
0.000000000000000000e+00	5.972629677387584213e-01
1.000000000000000000e+00	3.695060897316775894e-01
1.000000000000000000e+00	8.504318254857815562e-01
1.000000000000000000e+00	4.869690508003530760e-01
0.000000000000000000e+00	5.101207210746504933e-02
0.000000000000000000e+00	2.880025713638202922e-01
0.000000000000000000e+00	4.101311513935859687e-01
1.000000000000000000e+00	5.746804987895554051e-01
1.000000000000000000e+00	8.318537330261847884e-02
0.000000000000000000e+00	3.282729029874786875e-01
1.000000000000000000e+00	1.028285693159408432e+00
1.000000000000000000e+00	7.152969060073087748e-01
0.000000000000000000e+00	-4.303192173341689464e-01
1.000000000000000000e+00	5.774998941186229029e-01
0.000000000000000000e+00	-1.381004779515303815e-01
0.000000000000000000e+00	2.416747889081598266e-01
1.000000000000000000e+00	9.868963767555918309e-01
0.000000000000000000e+00	7.251708809245687171e-01
0.000000000000000000e+00	-2.224848742399211654e-01
0.000000000000000000e+00	-4.205835713798795200e-02
1.000000000000000000e+00	8.398986262385903512e-01
0.000000000000000000e+00	-9.898824891319092656e-02
1.000000000000000000e+00	1.219050837706927570e+00
1.000000000000000000e+00	7.294684088730178928e-01
1.000000000000000000e+00	7.788176434789817471e-01
0.000000000000000000e+00	-3.281034720834126173e-01
1.000000000000000000e+00	9.698035261444735156e-01
1.000000000000000000e+00	6.203214818494987570e-01
1.000000000000000000e+00	7.872078447483363828e-01
1.000000000000000000e+00	4.210843292942974547e-01
1.000000000000000000e+00	5.568694574569942324e-01
1.000000000000000000e+00	1.029247083170914401e+00
0.000000000000000000e+00	-2.912371090178680205e-02
1.000000000000000000e+00	4.543060969661982251e-01
1.000000000000000000e+00	1.203358005797198205e+00
1.000000000000000000e+00	6.719523852529248886e-01
1.000000000000000000e+00	9.304722886116926217e-01
0.000000000000000000e+00	3.941916816742710994e-01
0.000000000000000000e+00	2.525489000135106576e-01
0.000000000000000000e+00	5.409733065627411186e-01
1.000000000000000000e+00	1.166139955031802566e+00
0.000000000000000000e+00	-2.123505432778457769e-01
1.000000000000000000e+00	5.547843196027928414e-01
1.000000000000000000e+00	1.037585106453470241e+00
1.000000000000000000e+00	7.732049228445627698e-01
0.000000000000000000e+00	4.120644290106513508e-02
0.000000000000000000e+00	3.088651584982610721e-01
0.000000000000000000e+00	6.676031893541165552e-01
0.000000000000000000e+00	4.567527610671576199e-01
1.000000000000000000e+00	9.556038066740272230e-01
0.000000000000000000e+00	4.863775508535653769e-01
1.000000000000000000e+00	6.894769549125018271e-01
1.000000000000000000e+00	1.174558341485388624e+00
1.000000000000000000e+00	1.809276345769632033e-01
1.000000000000000000e+00	1.591341942701916423e+00
1.000000000000000000e+00	6.336597978916072016e-01
0.000000000000000000e+00	1.146820239305423733e-01
1.000000000000000000e+00	1.270548194029129663e+00
1.000000000000000000e+00	7.350918264840792249e-01
0.000000000000000000e+00	2.002806459103274317e-01
0.000000000000000000e+00	-1.424673611509334470e-01
0.000000000000000000e+00	5.441415449303296237e-01
0.000000000000000000e+00	-1.650116821611017082e-01
0.000000000000000000e+00	2.757992746444933307e-01
1.000000000000000000e+00	5.168779551913460502e-01
0.000000000000000000e+00	-1.902942259232684175e-01
1.000000000000000000e+00	3.389114293967552261e-01
1.000000000000000000e+00	6.895837582085703188e-01
0.000000000000000000e+00	6.538617256432918690e-02
1.000000000000000000e+00	6.363220780828753309e-01
0.000000000000000000e+00	-3.503378758443561058e-01
1.000000000000000000e+00	7.483645689313285221e-01
0.000000000000000000e+00	-5.764417661529186443e-02
0.000000000000000000e+00	5.717213176285450976e-02
0.000000000000000000e+00	4.403821751319476063e-01
1.000000000000000000e+00	1.071171033251007598e+00
0.000000000000000000e+00	-2.372843059861380610e-01
0.000000000000000000e+00	1.945221568692275804e-01
1.000000000000000000e+00	7.925594671684254022e-01
0.000000000000000000e+00	-4.378570549852174587e-02
0.000000000000000000e+00	4.651214214705535199e-01
0.000000000000000000e+00	4.146975366156785414e-02
0.000000000000000000e+00	-1.560945335702391967e-01
0.000000000000000000e+00	1.406986165849897219e-01
0.000000000000000000e+00	5.009529160473876752e-01
0.000000000000000000e+00	2.471381686656935195e-01
0.000000000000000000e+00	1.788646433343570596e-01
0.000000000000000000e+00	5.432590797548904060e-01
0.000000000000000000e+00	1.790216163219397472e-01
1.000000000000000000e+00	6.036128742986888174e-01
1.000000000000000000e+00	6.044499269776378858e-01
0.000000000000000000e+00	3.615314332409092987e-04
0.000000000000000000e+00	8.191402682600599713e-03
0.000000000000000000e+00	1.573739411002715860e-01
0.000000000000000000e+00	-1.124518062644951910e-01
1.000000000000000000e+00	1.190995021936462228e+00
1.000000000000000000e+00	9.045488182522731790e-01
1.000000000000000000e+00	7.716457981536849475e-01
1.000000000000000000e+00	1.058545873896223233e+00
1.000000000000000000e+00	6.669006955863197028e-01
1.000000000000000000e+00	6.011847561399932260e-01
0.000000000000000000e+00	3.553783504949414307e-01
1.000000000000000000e+00	9.803441524937834828e-01
1.000000000000000000e+00	6.828754171442374954e-01
1.000000000000000000e+00	8.308108753509203526e-01
0.000000000000000000e+00	3.856633293199660528e-01
0.000000000000000000e+00	3.185771115508175266e-01
1.000000000000000000e+00	7.871951345480244777e-01
1.000000000000000000e+00	7.875977437335359710e-01
1.000000000000000000e+00	1.027232340497820084e+00
0.000000000000000000e+00	4.264285192686519399e-01
1.000000000000000000e+00	7.462136514967016021e-01
0.000000000000000000e+00	5.180224023093731311e-01
0.000000000000000000e+00	3.943076169228727501e-01
1.000000000000000000e+00	1.091724275703680469e+00
0.000000000000000000e+00	5.212412152763724604e-01
1.000000000000000000e+00	5.347761774228224629e-01
1.000000000000000000e+00	9.209468704697943986e-01
0.000000000000000000e+00	2.942430862978136219e-03
1.000000000000000000e+00	1.071933362590123728e+00
1.000000000000000000e+00	5.159933741690270192e-01
0.000000000000000000e+00	1.471949749982484901e-01
0.000000000000000000e+00	-2.801795119794598388e-01
1.000000000000000000e+00	4.849954455549604360e-01
0.000000000000000000e+00	7.376508302548582252e-01
0.000000000000000000e+00	4.682639799561055804e-01
0.000000000000000000e+00	-3.297590978305511844e-01
0.000000000000000000e+00	5.111058304026804278e-01
0.000000000000000000e+00	-9.228701742653806772e-02
0.000000000000000000e+00	-1.168535923979034247e-01
0.000000000000000000e+00	4.883393863389178802e-01
1.000000000000000000e+00	7.979195712541510277e-01
1.000000000000000000e+00	5.700460656906789492e-01
0.000000000000000000e+00	4.834541718030288537e-01
1.000000000000000000e+00	3.957403524546549978e-01
0.000000000000000000e+00	1.241206107308801126e-01
0.000000000000000000e+00	6.205135418559319938e-01
0.000000000000000000e+00	4.676495820247664748e-01
0.000000000000000000e+00	1.919785439765608059e-01
0.000000000000000000e+00	1.355026245363200044e-01
1.000000000000000000e+00	6.772616338894780208e-01
1.000000000000000000e+00	5.954781066381316101e-01
1.000000000000000000e+00	6.980913590382530343e-01
1.000000000000000000e+00	6.877407974598358509e-01
1.000000000000000000e+00	2.715201478238356558e-01
1.000000000000000000e+00	1.024761094192560229e+00
1.000000000000000000e+00	8.709605164655863652e-01
0.000000000000000000e+00	3.693692143582569254e-01
1.000000000000000000e+00	5.811087582285238140e-01
0.000000000000000000e+00	3.891357643679945189e-01
0.000000000000000000e+00	3.122540813496093026e-01
0.000000000000000000e+00	1.595121615504290769e-01
1.000000000000000000e+00	1.113781667144759346e+00
0.000000000000000000e+00	-8.770672377183330592e-02
0.000000000000000000e+00	2.393388264307531599e-01
0.000000000000000000e+00	4.605151622305238557e-01
1.000000000000000000e+00	8.629085998757882736e-01
0.000000000000000000e+00	2.339968355258885413e-01
0.000000000000000000e+00	4.468232630961844198e-01
1.000000000000000000e+00	8.538976191241837155e-01
1.000000000000000000e+00	4.397116423475606606e-01
0.000000000000000000e+00	2.646747020941704331e-01
1.000000000000000000e+00	7.737017799890363312e-01
1.000000000000000000e+00	8.842184527944236816e-01
0.000000000000000000e+00	4.228907347331849476e-01
0.000000000000000000e+00	6.354354590054888119e-01
1.000000000000000000e+00	4.173646235836001028e-01
0.000000000000000000e+00	2.208969305218237422e-01
1.000000000000000000e+00	4.571375112078503444e-01
0.000000000000000000e+00	3.562459053399903985e-01
0.000000000000000000e+00	4.348120254316458766e-01
0.000000000000000000e+00	3.228449175436449159e-01
0.000000000000000000e+00	2.986523699663867215e-01
1.000000000000000000e+00	8.656613249581359693e-01
0.000000000000000000e+00	3.712540348847441218e-01
1.000000000000000000e+00	4.749634650342171027e-01
1.000000000000000000e+00	8.628970249770165912e-01
1.000000000000000000e+00	1.501459109115697244e+00
1.000000000000000000e+00	4.068047682860437830e-01
0.000000000000000000e+00	3.197657172392189273e-01
0.000000000000000000e+00	6.456393183094534249e-01
1.000000000000000000e+00	1.310287095612248098e+00
1.000000000000000000e+00	4.973420825913397181e-01
0.000000000000000000e+00	6.428178640020200119e-01
0.000000000000000000e+00	3.197607199330164129e-01
1.000000000000000000e+00	7.785505820451102954e-01
0.000000000000000000e+00	4.570722223243574023e-01
0.000000000000000000e+00	1.290220728511493054e-01
1.000000000000000000e+00	6.223501872387738887e-01
1.000000000000000000e+00	9.884039384221702251e-01
1.000000000000000000e+00	1.151397151822629805e+00
0.000000000000000000e+00	2.833785561942374631e-01
1.000000000000000000e+00	7.892376395088274155e-01
0.000000000000000000e+00	3.125992440283301144e-01
0.000000000000000000e+00	5.923315486978987243e-01
1.000000000000000000e+00	9.345596233488110416e-01
1.000000000000000000e+00	8.909123040048427811e-01
1.000000000000000000e+00	8.851666443560884945e-01
1.000000000000000000e+00	6.408611581578534944e-01
0.000000000000000000e+00	3.384956406790723960e-01
1.000000000000000000e+00	6.409421250563008821e-01
1.000000000000000000e+00	4.863462980314206541e-01
0.000000000000000000e+00	6.232069200917402796e-01
1.000000000000000000e+00	9.951266950811690215e-01
0.000000000000000000e+00	-2.308029601630362249e-01
1.000000000000000000e+00	9.214699443899843079e-01
0.000000000000000000e+00	3.276373226126323007e-02
0.000000000000000000e+00	1.472236725689405334e-01
1.000000000000000000e+00	8.742102960710629311e-01
1.000000000000000000e+00	1.182104334571836501e+00
1.000000000000000000e+00	4.949700537267900935e-01
0.000000000000000000e+00	4.043257170096882236e-01
1.000000000000000000e+00	1.179722557072652167e+00
0.000000000000000000e+00	-4.074903549961373384e-01
1.000000000000000000e+00	4.474312007399012248e-01
1.000000000000000000e+00	1.109035695046738379e+00
1.000000000000000000e+00	6.863408604965169912e-01
0.000000000000000000e+00	2.974541624464001610e-01
1.000000000000000000e+00	1.103486454368043157e+00
1.000000000000000000e+00	1.016808838012760008e+00
0.000000000000000000e+00	2.419957686604538027e-01
1.000000000000000000e+00	9.160754016088121787e-01
0.000000000000000000e+00	2.977046809176400743e-01
0.000000000000000000e+00	6.770629273891949351e-01
1.000000000000000000e+00	7.960661005381889366e-01
1.000000000000000000e+00	6.483818404088057541e-01
0.000000000000000000e+00	3.087915884514840781e-01
0.000000000000000000e+00	1.791417104701253926e-01
1.000000000000000000e+00	1.125285012900903769e+00
1.000000000000000000e+00	6.157426099253388019e-01
0.000000000000000000e+00	6.153379972063647285e-01
1.000000000000000000e+00	9.086575136407103459e-01
0.000000000000000000e+00	4.761413836248683529e-01
1.000000000000000000e+00	1.188064765434478476e+00
1.000000000000000000e+00	1.251359441952023088e+00
0.000000000000000000e+00	4.922925632825798647e-01
0.000000000000000000e+00	2.632203894895190910e-01
1.000000000000000000e+00	1.660183449393887845e+00
1.000000000000000000e+00	5.240226866643772352e-01
1.000000000000000000e+00	6.849652932036236486e-01
0.000000000000000000e+00	4.054510073924584845e-01
1.000000000000000000e+00	1.632798327351991263e+00
1.000000000000000000e+00	4.694888384492915678e-01
1.000000000000000000e+00	8.941760107232167298e-01
1.000000000000000000e+00	9.989342187048994015e-01
1.000000000000000000e+00	7.121306039128010301e-01
0.000000000000000000e+00	1.272690702582102429e-01
1.000000000000000000e+00	6.728985353687318982e-01
0.000000000000000000e+00	2.700592011146465410e-01
1.000000000000000000e+00	7.804394209628043866e-01
0.000000000000000000e+00	-4.338161339710180919e-01
0.000000000000000000e+00	-1.127586266102901039e-02
1.000000000000000000e+00	9.023230043533848610e-01
1.000000000000000000e+00	5.023536857671270228e-01
0.000000000000000000e+00	4.856151026872645438e-01
1.000000000000000000e+00	6.293489142003043657e-01
0.000000000000000000e+00	3.752795662763277473e-01
1.000000000000000000e+00	1.135684495651641646e+00
0.000000000000000000e+00	3.363536940594371583e-01
0.000000000000000000e+00	2.682091496378058437e-01
1.000000000000000000e+00	3.241225725894436027e-01
1.000000000000000000e+00	7.799718591644403398e-01
0.000000000000000000e+00	2.550139556622205705e-01
1.000000000000000000e+00	8.304504701851710413e-01
1.000000000000000000e+00	1.273007282372780269e+00
1.000000000000000000e+00	9.461446107360109714e-01
0.000000000000000000e+00	6.549995987965305799e-01
1.000000000000000000e+00	8.505549070329199157e-01
1.000000000000000000e+00	2.023403576599286102e-01
0.000000000000000000e+00	6.898820618842331776e-01
1.000000000000000000e+00	1.422189465628535210e+00
1.000000000000000000e+00	6.145480292597497174e-01
1.000000000000000000e+00	1.123798440557068012e+00
0.000000000000000000e+00	5.056773205447042674e-01
0.000000000000000000e+00	2.226498702597811963e-01
1.000000000000000000e+00	9.673307472923294847e-01
1.000000000000000000e+00	9.023904881699731373e-01
0.000000000000000000e+00	-4.356394028075875613e-01
1.000000000000000000e+00	2.847100597088330076e-01
1.000000000000000000e+00	1.084787464300759341e+00
1.000000000000000000e+00	1.184653332286110805e+00
1.000000000000000000e+00	7.267086879744902861e-01
0.000000000000000000e+00	7.144519933349111618e-01
0.000000000000000000e+00	-1.197245602912705570e-01
1.000000000000000000e+00	1.683449035654599246e+00
1.000000000000000000e+00	7.064909986099445760e-01
1.000000000000000000e+00	7.538949940130644789e-01
1.000000000000000000e+00	4.572827511616007756e-01
1.000000000000000000e+00	1.412332316311185831e+00
1.000000000000000000e+00	9.386818223020328977e-01
0.000000000000000000e+00	4.502395800061400610e-01
0.000000000000000000e+00	2.469686197971834030e-01
0.000000000000000000e+00	7.728337033705866277e-02
1.000000000000000000e+00	4.280936624988989636e-01
1.000000000000000000e+00	4.842335463039845189e-01
0.000000000000000000e+00	6.612250772449215219e-01
0.000000000000000000e+00	2.467501620449080169e-01
0.000000000000000000e+00	9.427277024443322939e-02
0.000000000000000000e+00	6.441381122283137417e-01
0.000000000000000000e+00	3.692522942127862140e-01
0.000000000000000000e+00	5.489393749304889436e-01
0.000000000000000000e+00	3.499405694674538603e-02
0.000000000000000000e+00	2.775788060344392960e-01
0.000000000000000000e+00	7.487397592967608151e-02
0.000000000000000000e+00	3.058011584161499097e-01
0.000000000000000000e+00	7.359077324079483784e-01
0.000000000000000000e+00	2.359240538830135181e-01
0.000000000000000000e+00	5.523114959371616672e-02
1.000000000000000000e+00	1.048959632638960748e+00
0.000000000000000000e+00	-1.913635664176485673e-01
1.000000000000000000e+00	5.807716012012261730e-01
1.000000000000000000e+00	6.362372733791221702e-01
1.000000000000000000e+00	8.849080014704389097e-01
0.000000000000000000e+00	5.545597171940285230e-01
0.000000000000000000e+00	3.791397966896258298e-01
0.000000000000000000e+00	2.377865358207736368e-01
0.000000000000000000e+00	3.621525925089714715e-01
0.000000000000000000e+00	4.150919606456480726e-01
0.000000000000000000e+00	5.642059140076082224e-01
0.000000000000000000e+00	1.739919864189604370e-01
1.000000000000000000e+00	1.613870288472776249e+00
0.000000000000000000e+00	-3.824485006409878984e-01
1.000000000000000000e+00	6.408183054540950163e-01
0.000000000000000000e+00	-2.121724400962568882e-02
1.000000000000000000e+00	3.134744314625136918e-01
1.000000000000000000e+00	9.138788856209579814e-01
0.000000000000000000e+00	7.454825806141323064e-01
1.000000000000000000e+00	3.959056544310307624e-01
1.000000000000000000e+00	1.314673500783898552e+00
1.000000000000000000e+00	7.975729226934358262e-01
0.000000000000000000e+00	4.378654537869446361e-01
1.000000000000000000e+00	9.135814113599278752e-01
1.000000000000000000e+00	1.060435092766410126e+00
0.000000000000000000e+00	-2.544563443634387800e-01
0.000000000000000000e+00	1.604188764375513998e-01
1.000000000000000000e+00	9.242357738081784513e-01
1.000000000000000000e+00	8.643118146910063748e-01
1.000000000000000000e+00	1.021212167881242250e+00
1.000000000000000000e+00	3.349222769246666398e-01
0.000000000000000000e+00	5.899504157929118253e-02
0.000000000000000000e+00	1.106835220852431106e-01
1.000000000000000000e+00	5.754506667081150662e-01
0.000000000000000000e+00	2.358947301032783897e-02
1.000000000000000000e+00	9.792273764329992858e-01
0.000000000000000000e+00	1.958824633506096036e-01
1.000000000000000000e+00	8.618415523969220615e-01
1.000000000000000000e+00	4.802094276602014711e-01
1.000000000000000000e+00	6.400663057872159056e-01
1.000000000000000000e+00	9.882042899706035000e-01
1.000000000000000000e+00	1.186383573947488834e+00
1.000000000000000000e+00	9.964716957098563865e-01
1.000000000000000000e+00	8.474932311290621634e-01
0.000000000000000000e+00	1.537270417682296553e-01
1.000000000000000000e+00	1.141219473044501553e+00
0.000000000000000000e+00	1.399943678718656714e-01
1.000000000000000000e+00	5.906970485045562880e-01
0.000000000000000000e+00	4.604821203584746336e-01
1.000000000000000000e+00	3.801543826230049938e-01
0.000000000000000000e+00	5.750680437932620404e-01
1.000000000000000000e+00	7.940713323593383555e-01
0.000000000000000000e+00	2.353367068025507269e-01
1.000000000000000000e+00	5.906920055100658429e-01
0.000000000000000000e+00	-3.937082724139273071e-01
1.000000000000000000e+00	5.478604030529918845e-01
0.000000000000000000e+00	2.132946695875826137e-01
0.000000000000000000e+00	4.095121161199212767e-01
0.000000000000000000e+00	-3.975490784113928228e-02
1.000000000000000000e+00	7.417974343352025102e-01
1.000000000000000000e+00	5.383749700029056839e-01
1.000000000000000000e+00	7.690994981946176479e-01
1.000000000000000000e+00	6.150786938926263714e-01
0.000000000000000000e+00	-1.801457456282950231e-01
0.000000000000000000e+00	1.860002644269761751e-01
1.000000000000000000e+00	6.349287731213941743e-01
0.000000000000000000e+00	3.876094137041846133e-01
0.000000000000000000e+00	4.588985092607028582e-01
1.000000000000000000e+00	5.322280067900536649e-01
1.000000000000000000e+00	7.411946435760007335e-01
1.000000000000000000e+00	4.844831279025356152e-01
1.000000000000000000e+00	7.719944678838649432e-01
1.000000000000000000e+00	4.462343072371503516e-01
1.000000000000000000e+00	5.224601066768277402e-01
1.000000000000000000e+00	7.814581603996382242e-01
1.000000000000000000e+00	5.007272506364006670e-01
1.000000000000000000e+00	8.490836362226636957e-01
0.000000000000000000e+00	-2.923066306235624356e-01
0.000000000000000000e+00	-5.829649673813485089e-01
1.000000000000000000e+00	1.234811012816187770e+00
1.000000000000000000e+00	1.008158789501698127e+00
1.000000000000000000e+00	5.888108497170938538e-01
0.000000000000000000e+00	-3.030573592786119791e-02
0.000000000000000000e+00	1.793682612495021977e-01
0.000000000000000000e+00	3.761156666587731762e-02
0.000000000000000000e+00	7.341604687076815072e-02
0.000000000000000000e+00	2.012259766700318364e-01
0.000000000000000000e+00	4.698911887030952084e-01
1.000000000000000000e+00	9.245905256961547414e-01
1.000000000000000000e+00	5.715688466487999220e-01
1.000000000000000000e+00	5.069537247219617626e-01
0.000000000000000000e+00	3.215355266342115326e-01
1.000000000000000000e+00	7.966525530098343966e-01
1.000000000000000000e+00	3.983457216526147815e-01
1.000000000000000000e+00	6.458562993149096210e-01
1.000000000000000000e+00	4.517144143076008422e-01
0.000000000000000000e+00	4.798494213024766530e-01
0.000000000000000000e+00	4.945441204867151094e-03
1.000000000000000000e+00	9.640459933816238891e-01
1.000000000000000000e+00	6.561844431213357254e-01
0.000000000000000000e+00	5.569199222524783277e-01
0.000000000000000000e+00	3.925951428152812395e-01
0.000000000000000000e+00	4.881894600015709157e-02
0.000000000000000000e+00	6.120783354862782133e-01
1.000000000000000000e+00	8.579301804794281505e-01
0.000000000000000000e+00	7.853710283891227606e-01
0.000000000000000000e+00	-1.794828286001225182e-01
1.000000000000000000e+00	2.573557286991073334e-01
1.000000000000000000e+00	1.320489599170927564e+00
1.000000000000000000e+00	8.052782628170787049e-01
0.000000000000000000e+00	-2.350589847927412046e-01
1.000000000000000000e+00	1.052887476762847108e+00
0.000000000000000000e+00	4.823755608616686619e-01
0.000000000000000000e+00	3.260975281280151933e-02
1.000000000000000000e+00	4.006096222945456642e-01
1.000000000000000000e+00	6.990244967695645739e-01
0.000000000000000000e+00	1.962538460506291771e-01
1.000000000000000000e+00	4.895883970652449291e-01
0.000000000000000000e+00	7.828353816214944638e-02
1.000000000000000000e+00	1.068230257961647833e+00
0.000000000000000000e+00	2.495236080844837889e-01
1.000000000000000000e+00	1.113287228585339683e+00
0.000000000000000000e+00	4.895792579613162943e-01
0.000000000000000000e+00	1.153125344054099499e-01
1.000000000000000000e+00	8.583155872684302690e-01
1.000000000000000000e+00	7.643736439043650188e-01
0.000000000000000000e+00	3.405970820326395532e-01
0.000000000000000000e+00	2.063821724936515389e-01
0.000000000000000000e+00	9.077295723944195371e-03
0.000000000000000000e+00	3.770774582306335443e-01
0.000000000000000000e+00	3.728294636540213647e-01
0.000000000000000000e+00	5.023825520099719499e-01
0.000000000000000000e+00	3.371544594043350274e-01
0.000000000000000000e+00	-1.537868514718691570e-01
0.000000000000000000e+00	2.979799956841943098e-01
1.000000000000000000e+00	1.203878858377280814e+00
0.000000000000000000e+00	4.766228303596455745e-02
0.000000000000000000e+00	2.380525287735619222e-01
0.000000000000000000e+00	2.481588367692285080e-01
1.000000000000000000e+00	1.000026588355727553e+00
0.000000000000000000e+00	1.250756330380916048e-01
1.000000000000000000e+00	3.034422593703768878e-01
1.000000000000000000e+00	6.883629963353117276e-01
0.000000000000000000e+00	3.523119073787506217e-01
0.000000000000000000e+00	-1.580062017492129267e-01
1.000000000000000000e+00	8.442144216759724928e-01
1.000000000000000000e+00	5.091172487764048515e-01
1.000000000000000000e+00	8.979322363126218676e-01
0.000000000000000000e+00	7.618623159404996903e-01
0.000000000000000000e+00	3.252842759350492163e-01
1.000000000000000000e+00	4.862322023359287315e-01
1.000000000000000000e+00	3.927977800256011731e-01
0.000000000000000000e+00	4.139435950706152334e-01
0.000000000000000000e+00	1.265196317352155764e-01
1.000000000000000000e+00	6.712755801024740121e-01
1.000000000000000000e+00	9.711747228100143792e-01
0.000000000000000000e+00	-2.254395762490275512e-01
1.000000000000000000e+00	1.253484481162554065e+00
0.000000000000000000e+00	7.176066234805347777e-02
1.000000000000000000e+00	1.228812035624571086e+00
1.000000000000000000e+00	7.542948746521512815e-01
1.000000000000000000e+00	1.332534778680305010e+00
1.000000000000000000e+00	6.638004492614315577e-01
1.000000000000000000e+00	7.113732902513444367e-01
1.000000000000000000e+00	8.355798774335057022e-01
1.000000000000000000e+00	9.953616444600029700e-01
0.000000000000000000e+00	4.672796069359588800e-01
0.000000000000000000e+00	5.647955868965787163e-01
1.000000000000000000e+00	8.755418391328572136e-01
1.000000000000000000e+00	9.888791428669806427e-01
1.000000000000000000e+00	1.003051980979829505e+00
0.000000000000000000e+00	2.720302452288285155e-01
0.000000000000000000e+00	4.816584843488959655e-01
0.000000000000000000e+00	2.484767684829872758e-01
1.000000000000000000e+00	4.722510133986084213e-01
0.000000000000000000e+00	1.785644602128470815e-02
0.000000000000000000e+00	1.105834967329302754e-01
0.000000000000000000e+00	-1.727629083187070397e-02
0.000000000000000000e+00	3.964551617788590887e-01
0.000000000000000000e+00	6.557323033656173861e-01
0.000000000000000000e+00	1.739947748659393667e-01
1.000000000000000000e+00	6.849094872863390471e-01
0.000000000000000000e+00	4.837216027255475947e-01
1.000000000000000000e+00	8.515802857170505780e-01
1.000000000000000000e+00	6.532908816410200048e-01
1.000000000000000000e+00	9.363588398456066386e-01
0.000000000000000000e+00	-4.260226284093341920e-01
0.000000000000000000e+00	-4.442047514436057998e-02
1.000000000000000000e+00	4.801920030277253559e-01
0.000000000000000000e+00	-7.193553721842478599e-02
1.000000000000000000e+00	9.082312287424713082e-01
0.000000000000000000e+00	7.888509796785488082e-02
0.000000000000000000e+00	4.475638325790451399e-01
1.000000000000000000e+00	5.450683275883891898e-01
1.000000000000000000e+00	4.778922016443037935e-01
0.000000000000000000e+00	3.476177493058873469e-01
1.000000000000000000e+00	5.490867169177291451e-01
0.000000000000000000e+00	5.441946163551513171e-01
1.000000000000000000e+00	4.473620692873188087e-01
1.000000000000000000e+00	5.842370515052291990e-01
0.000000000000000000e+00	5.492718717233917997e-02
0.000000000000000000e+00	5.733976651522117995e-01
1.000000000000000000e+00	6.733297691866541035e-01
0.000000000000000000e+00	1.877299603973067721e-01
1.000000000000000000e+00	6.355541732177655279e-02
0.000000000000000000e+00	-1.664391128199119718e-01
0.000000000000000000e+00	1.488945811355887328e-01
0.000000000000000000e+00	4.715061752469927314e-01
1.000000000000000000e+00	3.891112532380622824e-01
1.000000000000000000e+00	6.932532307305365737e-01
0.000000000000000000e+00	2.899547546669880432e-02
0.000000000000000000e+00	1.620962875581707929e-01
0.000000000000000000e+00	-3.617228533050999006e-01
1.000000000000000000e+00	1.336955792179715052e+00
0.000000000000000000e+00	3.642915980860592096e-01
1.000000000000000000e+00	3.841024621682585516e-01
1.000000000000000000e+00	3.204273323944521468e-01
0.000000000000000000e+00	8.951056976145576050e-01
1.000000000000000000e+00	9.437269060006669985e-01
0.000000000000000000e+00	1.778799819832465046e-01
1.000000000000000000e+00	1.195395453457951618e+00
0.000000000000000000e+00	4.002259233109823899e-01
1.000000000000000000e+00	7.010461126287155231e-01
1.000000000000000000e+00	8.712261815234807472e-01
1.000000000000000000e+00	7.761466055384617091e-01
1.000000000000000000e+00	6.163992542476115499e-01
0.000000000000000000e+00	4.567650484624035112e-01
0.000000000000000000e+00	9.315751278783462874e-02
0.000000000000000000e+00	6.495124654504668138e-01
0.000000000000000000e+00	-1.585007135322777372e-01
0.000000000000000000e+00	3.860004517113922728e-02
0.000000000000000000e+00	-2.656327288122012353e-01
1.000000000000000000e+00	7.587744281693314941e-01
1.000000000000000000e+00	1.040333222460370965e+00
1.000000000000000000e+00	7.695727179347449098e-01
0.000000000000000000e+00	4.060407308790127678e-01
0.000000000000000000e+00	3.612380198142975951e-01
1.000000000000000000e+00	5.470698808636116350e-01
0.000000000000000000e+00	4.059424418629840881e-02
0.000000000000000000e+00	5.269499749297785751e-01
1.000000000000000000e+00	1.000350533295475852e+00
0.000000000000000000e+00	2.707607211898497290e-01
1.000000000000000000e+00	6.069809091962119485e-01
0.000000000000000000e+00	2.773972510061839536e-01
0.000000000000000000e+00	-3.947674590517422089e-01
0.000000000000000000e+00	5.326172746569723948e-01
1.000000000000000000e+00	8.017509225967798248e-01
0.000000000000000000e+00	1.393936421280145277e-01
0.000000000000000000e+00	2.484421272762516730e-01
0.000000000000000000e+00	1.302331208912314575e-01
0.000000000000000000e+00	-1.814498620788844163e-01
1.000000000000000000e+00	8.914264096510192692e-01
0.000000000000000000e+00	1.488607217843826436e-01
1.000000000000000000e+00	5.811962953181729619e-01
0.000000000000000000e+00	2.008602650457664007e-01
0.000000000000000000e+00	-3.285202723340396314e-01
0.000000000000000000e+00	3.242835056554411732e-01
0.000000000000000000e+00	-9.932591965001494327e-02
0.000000000000000000e+00	-6.314761654927561474e-02
1.000000000000000000e+00	7.410561967343414214e-01
1.000000000000000000e+00	9.567385570343979184e-01
0.000000000000000000e+00	1.939617266765723547e-01
1.000000000000000000e+00	7.182319039500268953e-01
1.000000000000000000e+00	1.203395922031828436e+00
1.000000000000000000e+00	1.164686401381306080e+00
0.000000000000000000e+00	5.267943125025538187e-01
0.000000000000000000e+00	-4.064650530829756053e-02
1.000000000000000000e+00	8.445307245504186655e-01
0.000000000000000000e+00	5.147948522163207086e-01
0.000000000000000000e+00	1.062621809255657329e-02
0.000000000000000000e+00	5.408490265619270154e-02
1.000000000000000000e+00	1.099417628304607986e+00
0.000000000000000000e+00	-2.184261325415599864e-01
1.000000000000000000e+00	8.535832385174276782e-01
1.000000000000000000e+00	7.274726752247990813e-01
1.000000000000000000e+00	5.385713818827311261e-01
1.000000000000000000e+00	8.431589256796424570e-01
0.000000000000000000e+00	5.279330953662199066e-01
0.000000000000000000e+00	2.183890758382857067e-01
0.000000000000000000e+00	1.604575479906352187e-01
1.000000000000000000e+00	7.871654752673362676e-01
1.000000000000000000e+00	1.176959504479002216e+00
0.000000000000000000e+00	5.765448014648224540e-01
0.000000000000000000e+00	-6.119463914834036289e-02
1.000000000000000000e+00	7.301910632450235861e-01
0.000000000000000000e+00	-4.543180353770478463e-01
0.000000000000000000e+00	-8.937648748085625858e-03
0.000000000000000000e+00	1.235549785507307832e-02
1.000000000000000000e+00	5.066557644907208058e-01
0.000000000000000000e+00	1.870587750248942083e-01
1.000000000000000000e+00	7.238169430520948744e-01
0.000000000000000000e+00	1.758633959775068867e-01
0.000000000000000000e+00	4.232450927367262250e-01
0.000000000000000000e+00	1.633307083519600633e-01
1.000000000000000000e+00	1.181740421659172036e+00
0.000000000000000000e+00	-3.010059362816609740e-02
0.000000000000000000e+00	3.282608234643147327e-01
1.000000000000000000e+00	7.276145557372691863e-01
1.000000000000000000e+00	6.837599390278722433e-01
0.000000000000000000e+00	3.275311167185773753e-01
1.000000000000000000e+00	1.243865710368190491e+00
1.000000000000000000e+00	1.342493354147878071e+00
0.000000000000000000e+00	3.414753296732753740e-01
1.000000000000000000e+00	1.176905365024208505e+00
1.000000000000000000e+00	8.485393963794300998e-01
0.000000000000000000e+00	4.280260028354517798e-01
0.000000000000000000e+00	7.871206108489703368e-02
0.000000000000000000e+00	6.945708575068176849e-01
1.000000000000000000e+00	4.761351234987784564e-01
0.000000000000000000e+00	4.722503312880365067e-01
0.000000000000000000e+00	-9.585150951405442543e-02
1.000000000000000000e+00	6.660593313717882991e-01
0.000000000000000000e+00	6.304713770908177972e-01
0.000000000000000000e+00	5.052084560595362372e-01
1.000000000000000000e+00	7.452099319651154241e-01
1.000000000000000000e+00	4.698410806643609217e-01
1.000000000000000000e+00	9.012996509161107506e-01
0.000000000000000000e+00	2.540642525831741105e-01
0.000000000000000000e+00	2.151984117348838543e-01
0.000000000000000000e+00	7.055575658646948689e-01
0.000000000000000000e+00	1.712825980903691092e-01
1.000000000000000000e+00	4.958321833565281223e-01
1.000000000000000000e+00	6.044104859760001114e-01
1.000000000000000000e+00	6.873974698232073743e-01
1.000000000000000000e+00	5.833877751259676225e-01
1.000000000000000000e+00	3.721819299539504966e-01
1.000000000000000000e+00	1.212570859184919803e+00
0.000000000000000000e+00	-2.252428552080930624e-01
1.000000000000000000e+00	8.363437162452026508e-01
0.000000000000000000e+00	1.436221146175911401e-01
1.000000000000000000e+00	6.332530927928857745e-01
1.000000000000000000e+00	1.208954616811147353e+00
0.000000000000000000e+00	2.864073409657094116e-01
1.000000000000000000e+00	5.468550179264026756e-01
1.000000000000000000e+00	6.139033893994582103e-01
0.000000000000000000e+00	-4.357902384255086387e-02
0.000000000000000000e+00	1.349515078990721484e-01
1.000000000000000000e+00	5.911734272923396816e-01
1.000000000000000000e+00	9.605150701099732791e-01
1.000000000000000000e+00	5.035397620865162960e-01
0.000000000000000000e+00	8.233045495993802920e-02
0.000000000000000000e+00	6.789570764585702856e-01
1.000000000000000000e+00	1.269104955682656799e+00
0.000000000000000000e+00	1.241447694940362445e-01
1.000000000000000000e+00	1.821053074971228924e-01
1.000000000000000000e+00	8.858955541042516924e-01
0.000000000000000000e+00	8.804545554066828261e-01
0.000000000000000000e+00	2.986814987841543978e-01
1.000000000000000000e+00	6.955371399111349717e-01
0.000000000000000000e+00	9.410986474995509943e-02
0.000000000000000000e+00	2.712622241904641407e-01
1.000000000000000000e+00	3.473032211915854650e-01
0.000000000000000000e+00	7.226847935501359288e-01
0.000000000000000000e+00	9.347545595097638271e-01
1.000000000000000000e+00	8.605077338909767892e-01
0.000000000000000000e+00	-2.421587611974213711e-03
1.000000000000000000e+00	6.000348572164553307e-01
1.000000000000000000e+00	6.941602865946813194e-01
1.000000000000000000e+00	1.367510707423240435e+00
1.000000000000000000e+00	2.004200890431343529e-01
1.000000000000000000e+00	6.055287146462455805e-01
0.000000000000000000e+00	-6.178890935524787853e-01
1.000000000000000000e+00	3.978319423319823245e-01
0.000000000000000000e+00	1.332494585376380880e-01
1.000000000000000000e+00	8.359817410169056995e-01
1.000000000000000000e+00	6.699711624852255909e-01
1.000000000000000000e+00	2.904205336055227238e-01
1.000000000000000000e+00	4.447825706273548785e-01
1.000000000000000000e+00	7.192131899675180406e-01
1.000000000000000000e+00	8.534741437708517342e-01
1.000000000000000000e+00	1.125601270034820578e+00
0.000000000000000000e+00	-3.085564913430883238e-01
0.000000000000000000e+00	-6.551222221650394584e-01
1.000000000000000000e+00	1.099321205330927365e+00
0.000000000000000000e+00	7.093357136403404262e-01
1.000000000000000000e+00	9.514776632863620742e-01
1.000000000000000000e+00	6.410313117025724372e-01
1.000000000000000000e+00	7.502956348432142653e-01
0.000000000000000000e+00	5.052793276748097917e-02
1.000000000000000000e+00	1.012896196194251308e+00
1.000000000000000000e+00	5.210075081210223669e-01
0.000000000000000000e+00	3.979589538616007949e-01
1.000000000000000000e+00	8.590742445126076099e-01
0.000000000000000000e+00	4.065829548759806178e-01
1.000000000000000000e+00	8.139631783160086176e-01
0.000000000000000000e+00	3.391030123325797785e-01
0.000000000000000000e+00	-2.294246806638537417e-01
1.000000000000000000e+00	9.842898454703710165e-01
0.000000000000000000e+00	1.499266208661609312e-01
0.000000000000000000e+00	4.885588324546447647e-01
0.000000000000000000e+00	6.152602462102667591e-01
1.000000000000000000e+00	1.159563632351563678e+00
1.000000000000000000e+00	6.089039859411126132e-01
1.000000000000000000e+00	1.798135847697475809e+00
1.000000000000000000e+00	9.121268386040142229e-01
0.000000000000000000e+00	3.170779446816924807e-01
1.000000000000000000e+00	9.855493914628215002e-01
1.000000000000000000e+00	1.011055273316351588e+00
0.000000000000000000e+00	4.247043348300549304e-01
1.000000000000000000e+00	7.568153722930532901e-01
1.000000000000000000e+00	9.196233721114769333e-01
1.000000000000000000e+00	4.288115319287389426e-01
0.000000000000000000e+00	1.621656774354571506e-01
0.000000000000000000e+00	4.935689468583948081e-01
0.000000000000000000e+00	4.005896264193764544e-01
1.000000000000000000e+00	5.238750984753037798e-01
0.000000000000000000e+00	3.617507966279103204e-01
0.000000000000000000e+00	2.264828420128453534e-01
1.000000000000000000e+00	1.480718442451396166e+00
0.000000000000000000e+00	4.999952891669023347e-01
0.000000000000000000e+00	3.639741089021470422e-01
1.000000000000000000e+00	6.896125255151079880e-01
1.000000000000000000e+00	7.101343891394397145e-01
1.000000000000000000e+00	8.215767509449072303e-01
1.000000000000000000e+00	1.024725314904102902e+00
1.000000000000000000e+00	7.989702787709693776e-01
1.000000000000000000e+00	5.250992675023322676e-01
1.000000000000000000e+00	1.049728516781846865e+00
1.000000000000000000e+00	7.334004320965352708e-01
0.000000000000000000e+00	3.279320612361004694e-01
1.000000000000000000e+00	9.632760939445730308e-01
1.000000000000000000e+00	5.388043102519650684e-01
1.000000000000000000e+00	8.704745809533974699e-01
1.000000000000000000e+00	8.753430645403662558e-01
0.000000000000000000e+00	9.753306426740938895e-02
1.000000000000000000e+00	8.937893460994555950e-01
1.000000000000000000e+00	9.321660645475949858e-01
0.000000000000000000e+00	2.546409692040467743e-01
1.000000000000000000e+00	8.507205238032694572e-01
0.000000000000000000e+00	2.830908773579120519e-01
0.000000000000000000e+00	2.188672372947663980e-01
0.000000000000000000e+00	-2.543401297941680350e-01
1.000000000000000000e+00	1.445700337114575573e+00
1.000000000000000000e+00	6.188322602959448471e-01
1.000000000000000000e+00	1.061937429620004147e+00
1.000000000000000000e+00	6.209824656631468542e-01
0.000000000000000000e+00	3.053437074133400486e-01
0.000000000000000000e+00	-2.165806919752635146e-02
0.000000000000000000e+00	3.309585692855832595e-01
0.000000000000000000e+00	1.364907625790144630e-01
1.000000000000000000e+00	7.213280873665616211e-01
1.000000000000000000e+00	9.486871833334532544e-01
0.000000000000000000e+00	8.139223721095445452e-02
1.000000000000000000e+00	8.664180666857661528e-01
0.000000000000000000e+00	-2.759043093780063072e-01
1.000000000000000000e+00	6.696979464821766204e-01
1.000000000000000000e+00	6.291926306242785483e-01
0.000000000000000000e+00	7.061471128331495151e-02
0.000000000000000000e+00	8.424561766430629928e-02
0.000000000000000000e+00	5.245348171009982519e-01
1.000000000000000000e+00	1.334422026317802379e+00
1.000000000000000000e+00	5.384168326936460414e-01
1.000000000000000000e+00	3.999743332877926938e-01
1.000000000000000000e+00	1.241289621499810814e+00
0.000000000000000000e+00	7.863907720136265045e-02
1.000000000000000000e+00	3.373153282062117952e-01
1.000000000000000000e+00	4.605724638646930824e-01
0.000000000000000000e+00	3.331947878635441174e-01
1.000000000000000000e+00	8.716834628519117834e-01
1.000000000000000000e+00	8.385581266332415851e-01
1.000000000000000000e+00	9.338886261647318943e-01
0.000000000000000000e+00	-3.525126263177292274e-01
1.000000000000000000e+00	7.930871020945398087e-01
0.000000000000000000e+00	6.702402589399955035e-01
1.000000000000000000e+00	5.728394036898777353e-01
0.000000000000000000e+00	6.122168844481258310e-01
0.000000000000000000e+00	5.864208142426999837e-01
1.000000000000000000e+00	2.541585503161680193e-01
1.000000000000000000e+00	9.277783501840606295e-01
1.000000000000000000e+00	1.011159163943959438e+00
0.000000000000000000e+00	4.730444663269374184e-01
0.000000000000000000e+00	5.619855983715905667e-01
0.000000000000000000e+00	-6.193103170601578500e-02
1.000000000000000000e+00	6.220305070307579065e-01
0.000000000000000000e+00	2.366867124550048884e-01
0.000000000000000000e+00	5.081279696549978464e-01
1.000000000000000000e+00	5.911599329309374928e-01
1.000000000000000000e+00	4.287159531644330612e-01
0.000000000000000000e+00	1.226691747688160583e-01
1.000000000000000000e+00	7.502726412743331297e-01
1.000000000000000000e+00	1.165451572248373369e+00
0.000000000000000000e+00	6.033909701540112192e-01
0.000000000000000000e+00	2.740221061154139714e-02
1.000000000000000000e+00	6.107950362521878951e-01
1.000000000000000000e+00	8.277993899264456390e-01
0.000000000000000000e+00	6.067451140608091098e-01
1.000000000000000000e+00	7.914431617215349490e-01
0.000000000000000000e+00	3.118942731384951039e-01
1.000000000000000000e+00	4.802362835182120149e-01
0.000000000000000000e+00	1.379563608625948568e-01
0.000000000000000000e+00	1.567607480832967914e-01
0.000000000000000000e+00	4.074817277144792138e-01
1.000000000000000000e+00	7.949814701428892239e-01
1.000000000000000000e+00	1.157693569084529805e+00
1.000000000000000000e+00	7.562638113279648300e-01
1.000000000000000000e+00	7.446097571875983645e-01
0.000000000000000000e+00	6.109169905533267109e-01
1.000000000000000000e+00	1.056487202791126734e+00
1.000000000000000000e+00	4.845541247006986962e-01
1.000000000000000000e+00	8.402267674861949587e-01
0.000000000000000000e+00	3.454206706426836138e-01
1.000000000000000000e+00	3.583165370692227847e-01
0.000000000000000000e+00	4.204741852721896045e-01
0.000000000000000000e+00	-7.131058861958525404e-03
1.000000000000000000e+00	7.809144309313411636e-01
0.000000000000000000e+00	4.926221121441498041e-01
1.000000000000000000e+00	7.167303384973214841e-01
1.000000000000000000e+00	6.479296801395258987e-01
0.000000000000000000e+00	-1.540872937733975788e-02
1.000000000000000000e+00	1.027648664170854653e+00
0.000000000000000000e+00	3.298706512471733521e-01
0.000000000000000000e+00	4.394417394487886153e-01
1.000000000000000000e+00	8.091529386025447801e-01
1.000000000000000000e+00	5.465461110558209601e-01
1.000000000000000000e+00	1.148002334889870468e+00
1.000000000000000000e+00	8.532408371607457243e-01
0.000000000000000000e+00	5.339946949893926709e-01
1.000000000000000000e+00	6.731771128253655201e-01
0.000000000000000000e+00	1.691236781285401503e-01
0.000000000000000000e+00	-2.394130236329729960e-02
1.000000000000000000e+00	1.499859325130573851e+00
0.000000000000000000e+00	2.395469221301849694e-01
1.000000000000000000e+00	6.939357530588508016e-01
0.000000000000000000e+00	-6.123571318783658374e-02
0.000000000000000000e+00	5.707165655427399731e-01
0.000000000000000000e+00	1.798008323965097077e-01
0.000000000000000000e+00	-6.333976158805915135e-02
1.000000000000000000e+00	8.032227987857741835e-01
1.000000000000000000e+00	7.385584708987417146e-01
0.000000000000000000e+00	-5.211951455507234099e-02
0.000000000000000000e+00	2.941279461744912838e-01
0.000000000000000000e+00	-4.208684150855893091e-02
0.000000000000000000e+00	2.689805414019480478e-01
0.000000000000000000e+00	-2.951250545468955266e-01
0.000000000000000000e+00	4.890261040600888953e-01
1.000000000000000000e+00	3.825798820171909531e-01
0.000000000000000000e+00	-4.102782238692981309e-03
0.000000000000000000e+00	3.406263462856638502e-01
1.000000000000000000e+00	8.609456280910413595e-01
0.000000000000000000e+00	8.366396856539973781e-01
1.000000000000000000e+00	7.282690724322866682e-01
1.000000000000000000e+00	8.920291663710767649e-01
1.000000000000000000e+00	1.525177058270515085e+00
1.000000000000000000e+00	1.082094303230278109e+00
1.000000000000000000e+00	5.718373122119154717e-01
1.000000000000000000e+00	8.512770201790194058e-01
1.000000000000000000e+00	3.502191769662118537e-01
0.000000000000000000e+00	3.463034804614301132e-01
1.000000000000000000e+00	1.236218724300928606e+00
1.000000000000000000e+00	6.166180934555383075e-01
1.000000000000000000e+00	7.535240141252239621e-01
1.000000000000000000e+00	1.199918330594605731e+00
0.000000000000000000e+00	4.243294945695775811e-01
1.000000000000000000e+00	8.391691675564836306e-01
1.000000000000000000e+00	8.257743328005225925e-01
0.000000000000000000e+00	3.903068092044044146e-01
0.000000000000000000e+00	4.198520856014487657e-01
0.000000000000000000e+00	2.733163410829932416e-01
1.000000000000000000e+00	7.531373076610317074e-01
1.000000000000000000e+00	7.898078915668901301e-01
1.000000000000000000e+00	9.807060161358545081e-01
1.000000000000000000e+00	5.528620698510806619e-01
0.000000000000000000e+00	-3.347154246452266335e-02
1.000000000000000000e+00	1.004488268998541045e+00
1.000000000000000000e+00	2.810110531232231645e-01
0.000000000000000000e+00	3.064514983258403436e-01
0.000000000000000000e+00	4.974854234204596493e-01
1.000000000000000000e+00	3.871393699439042435e-01
0.000000000000000000e+00	1.603815151113378024e-01
0.000000000000000000e+00	7.302992818704358291e-02
1.000000000000000000e+00	7.064593456623974310e-01
0.000000000000000000e+00	1.747375786720329061e-01
1.000000000000000000e+00	9.680203911164474428e-01
0.000000000000000000e+00	3.722284144403761874e-01
1.000000000000000000e+00	2.154212789119169802e-01
1.000000000000000000e+00	6.614573918528063867e-01
0.000000000000000000e+00	2.651792690523306906e-01
1.000000000000000000e+00	7.664771975998160292e-01
1.000000000000000000e+00	7.708758210103203723e-01
0.000000000000000000e+00	3.021764494002505130e-01
0.000000000000000000e+00	1.008653302898312454e-01
1.000000000000000000e+00	1.156101298225459928e+00
1.000000000000000000e+00	4.541302489280090726e-01
1.000000000000000000e+00	1.005607199088534687e+00
1.000000000000000000e+00	1.477321853164653920e+00
0.000000000000000000e+00	-8.222585658299527006e-03
0.000000000000000000e+00	-6.078781327074996715e-02
1.000000000000000000e+00	7.332281041055892512e-01
1.000000000000000000e+00	6.383526407320633256e-01
0.000000000000000000e+00	2.786083150304802247e-01
1.000000000000000000e+00	1.103449955048237507e+00
0.000000000000000000e+00	3.449777185245167521e-01
0.000000000000000000e+00	-1.676977326748756714e-01
0.000000000000000000e+00	5.092592732272283040e-01
0.000000000000000000e+00	5.317717253310668690e-01
0.000000000000000000e+00	1.338597347605034460e-01
0.000000000000000000e+00	3.590972404934102968e-01
0.000000000000000000e+00	5.477077424488110413e-01
0.000000000000000000e+00	7.633329305610317972e-01
0.000000000000000000e+00	6.579456816980094880e-01
1.000000000000000000e+00	9.194157533061905196e-01
0.000000000000000000e+00	3.504919430883092490e-02
1.000000000000000000e+00	1.008210627847320628e+00
0.000000000000000000e+00	-5.092850221042266590e-02
0.000000000000000000e+00	4.362312993962838559e-01
0.000000000000000000e+00	-8.102003488396682454e-03
1.000000000000000000e+00	6.394060008777801007e-01
1.000000000000000000e+00	6.939728795578873344e-01
1.000000000000000000e+00	8.276455515407190600e-01
0.000000000000000000e+00	4.237000562205288645e-01
1.000000000000000000e+00	3.900063082171666973e-01
0.000000000000000000e+00	3.610534074672276939e-01
0.000000000000000000e+00	2.752461607259414356e-01
1.000000000000000000e+00	1.155570045929240619e+00
0.000000000000000000e+00	3.894822582363295926e-01
0.000000000000000000e+00	-4.065813640335976809e-01
1.000000000000000000e+00	3.183005356042939438e-01
0.000000000000000000e+00	5.295558513930349598e-01
1.000000000000000000e+00	2.738510172414290178e-01
1.000000000000000000e+00	5.054368679079263016e-01
0.000000000000000000e+00	4.261301446168323515e-01
1.000000000000000000e+00	1.297742496998198325e+00
0.000000000000000000e+00	4.362957895563236987e-01
1.000000000000000000e+00	5.773923889627778916e-01
1.000000000000000000e+00	9.007483469932641151e-01
0.000000000000000000e+00	-2.925113511329015259e-02
1.000000000000000000e+00	6.671221343270939963e-01
0.000000000000000000e+00	4.851685529245050588e-01
1.000000000000000000e+00	4.643047553572587915e-01
1.000000000000000000e+00	4.204599163782249405e-01
1.000000000000000000e+00	1.384424577270778611e+00
0.000000000000000000e+00	4.272666978891599965e-01
1.000000000000000000e+00	1.245975853512293563e+00
0.000000000000000000e+00	-3.399749438793238654e-01
0.000000000000000000e+00	5.070670916948136764e-01
1.000000000000000000e+00	4.260359742320072307e-01
0.000000000000000000e+00	3.926549033326268701e-01
1.000000000000000000e+00	1.165748058302199297e+00
0.000000000000000000e+00	1.318631776409970868e-01
0.000000000000000000e+00	3.177824999668799055e-01
1.000000000000000000e+00	1.082528183069532357e+00
0.000000000000000000e+00	5.100375404082557740e-01
1.000000000000000000e+00	8.626057882603078708e-01
1.000000000000000000e+00	5.939321676539263128e-01
1.000000000000000000e+00	6.186151982962929674e-01
0.000000000000000000e+00	3.404951034577696767e-01
1.000000000000000000e+00	6.524022617413066660e-01
1.000000000000000000e+00	6.737655411483142176e-01
1.000000000000000000e+00	7.605574701804916904e-01
0.000000000000000000e+00	1.577106208272754384e-01
1.000000000000000000e+00	1.159653833454580063e+00
0.000000000000000000e+00	-1.289179658267061435e-01
1.000000000000000000e+00	9.333138776129291658e-01
0.000000000000000000e+00	2.826822306961989661e-01
1.000000000000000000e+00	8.086676277117355038e-01
1.000000000000000000e+00	1.246461623989826295e+00
1.000000000000000000e+00	5.510855684451893000e-01
0.000000000000000000e+00	2.878332913579146335e-01
1.000000000000000000e+00	5.461264408024981698e-01
0.000000000000000000e+00	1.284243041455856438e-01
0.000000000000000000e+00	5.108431301113585121e-01
0.000000000000000000e+00	1.711905995737746378e-01
1.000000000000000000e+00	8.831358071606815185e-01
1.000000000000000000e+00	1.107394595605149634e+00
0.000000000000000000e+00	8.760905719313102913e-02
1.000000000000000000e+00	1.100564988356301122e+00
1.000000000000000000e+00	7.166845132113308647e-01
0.000000000000000000e+00	6.779249841717279734e-01
1.000000000000000000e+00	1.029536777027764138e+00
0.000000000000000000e+00	3.545876808783900436e-01
1.000000000000000000e+00	1.082122038513583906e+00
1.000000000000000000e+00	1.139963265744244891e+00
1.000000000000000000e+00	1.183574702240997034e+00
1.000000000000000000e+00	3.971107596103075066e-01
1.000000000000000000e+00	6.589852071711340686e-01
1.000000000000000000e+00	3.316068674263643046e-01
1.000000000000000000e+00	1.376477667591987863e+00
1.000000000000000000e+00	9.144617869167329660e-01
1.000000000000000000e+00	7.610749979899351647e-01
1.000000000000000000e+00	6.941190398606227330e-01
0.000000000000000000e+00	6.468354194135886859e-01
1.000000000000000000e+00	6.235530447643929941e-01
0.000000000000000000e+00	4.085273251804109051e-01
0.000000000000000000e+00	3.396333459885033101e-01
0.000000000000000000e+00	-8.642220830856134350e-01
0.000000000000000000e+00	1.820745677991859879e-01
