1.000000000000000000e+00	9.038506210024193077e-01
1.000000000000000000e+00	7.437648109442037692e-01
0.000000000000000000e+00	-9.787978357285843922e-02
1.000000000000000000e+00	5.940892765514361740e-01
0.000000000000000000e+00	-2.432763910944443775e-02
0.000000000000000000e+00	2.191648687749402358e-01
0.000000000000000000e+00	4.048797499494033447e-01
1.000000000000000000e+00	4.392895065457704806e-01
1.000000000000000000e+00	7.411608431345865222e-01
1.000000000000000000e+00	6.242493542585748623e-01
0.000000000000000000e+00	9.520824493007801204e-02
0.000000000000000000e+00	3.442225590874203878e-01
0.000000000000000000e+00	4.060335680822351190e-01
1.000000000000000000e+00	7.413593913319000972e-01
1.000000000000000000e+00	2.709626595418179185e-01
0.000000000000000000e+00	1.012622419456140205e-01
1.000000000000000000e+00	9.353091810653554328e-01
1.000000000000000000e+00	5.141584046649779749e-01
0.000000000000000000e+00	-3.767488773906836896e-01
1.000000000000000000e+00	7.286543011930610714e-01
0.000000000000000000e+00	-1.708287602302649977e-01
0.000000000000000000e+00	2.470415849396488117e-01
1.000000000000000000e+00	1.121982771878753171e+00
0.000000000000000000e+00	5.666281369556384062e-01
0.000000000000000000e+00	-1.809269833259145033e-01
0.000000000000000000e+00	1.194069535110690999e-01
1.000000000000000000e+00	9.324598704719800901e-01
0.000000000000000000e+00	-1.317257222972903208e-01
1.000000000000000000e+00	1.232647155822589102e+00
1.000000000000000000e+00	6.073971256618737602e-01
1.000000000000000000e+00	6.343764192887321185e-01
0.000000000000000000e+00	-1.745866781066588158e-01
1.000000000000000000e+00	9.697248995523272130e-01
1.000000000000000000e+00	7.475291151802700984e-01
1.000000000000000000e+00	6.380536844301821775e-01
1.000000000000000000e+00	5.269698167947142187e-01
1.000000000000000000e+00	6.621470032057709121e-01
1.000000000000000000e+00	9.411497903810668308e-01
0.000000000000000000e+00	-1.199388806395256107e-01
1.000000000000000000e+00	5.982763131122721401e-01
1.000000000000000000e+00	1.104471546200850085e+00
1.000000000000000000e+00	6.188217384761427464e-01
1.000000000000000000e+00	9.734360433771681587e-01
0.000000000000000000e+00	3.777778638493436980e-01
0.000000000000000000e+00	3.912889881157075034e-01
0.000000000000000000e+00	5.087664868822024955e-01
1.000000000000000000e+00	1.190424534969611203e+00
0.000000000000000000e+00	7.323069669840563678e-02
1.000000000000000000e+00	6.308552639917320848e-01
1.000000000000000000e+00	9.326702399761823692e-01
1.000000000000000000e+00	7.407028557622280518e-01
0.000000000000000000e+00	2.663621750622429674e-01
0.000000000000000000e+00	5.006498542318990053e-01
0.000000000000000000e+00	4.444886162476681113e-01
0.000000000000000000e+00	3.359709237517676250e-01
1.000000000000000000e+00	1.079828782881198990e+00
0.000000000000000000e+00	3.473928475072273758e-01
1.000000000000000000e+00	7.369509151733095731e-01
1.000000000000000000e+00	1.218214040798592634e+00
1.000000000000000000e+00	4.197255625196088524e-01
1.000000000000000000e+00	1.657021445676528648e+00
1.000000000000000000e+00	8.191679240576756893e-01
0.000000000000000000e+00	-1.299126414063911557e-02
1.000000000000000000e+00	1.114387843932912237e+00
1.000000000000000000e+00	7.972072745949790873e-01
0.000000000000000000e+00	1.118321991010198246e-01
0.000000000000000000e+00	-1.192589430795773370e-01
0.000000000000000000e+00	2.955993356692783736e-01
0.000000000000000000e+00	-2.094690743959250201e-01
0.000000000000000000e+00	2.732482349685881884e-01
1.000000000000000000e+00	4.070034429856959624e-01
0.000000000000000000e+00	-1.533645762384374667e-01
1.000000000000000000e+00	3.857522811240928773e-01
1.000000000000000000e+00	6.740971182430166575e-01
0.000000000000000000e+00	9.927407631307492986e-02
1.000000000000000000e+00	6.688967609212081999e-01
0.000000000000000000e+00	-3.135325429014078624e-01
1.000000000000000000e+00	7.414418870575602005e-01
0.000000000000000000e+00	-1.206088270045024974e-01
0.000000000000000000e+00	1.727146011390496838e-01
0.000000000000000000e+00	4.670566081590853402e-01
1.000000000000000000e+00	1.015824743320036472e+00
0.000000000000000000e+00	-6.334815105707698735e-02
0.000000000000000000e+00	1.180015050933322790e-01
1.000000000000000000e+00	7.471089006798204979e-01
0.000000000000000000e+00	-9.064741945976785564e-02
0.000000000000000000e+00	4.054016897308267420e-01
0.000000000000000000e+00	1.068566145953527835e-01
0.000000000000000000e+00	-3.061253652962521166e-01
0.000000000000000000e+00	2.724803655411559555e-01
0.000000000000000000e+00	4.232281378955783935e-01
0.000000000000000000e+00	1.169354497918577013e-01
0.000000000000000000e+00	2.787045952483616640e-01
0.000000000000000000e+00	4.737316410768976360e-01
0.000000000000000000e+00	1.441305266959450326e-01
1.000000000000000000e+00	8.600080656588979799e-01
1.000000000000000000e+00	5.947781269472794952e-01
0.000000000000000000e+00	-1.347477373101460887e-02
0.000000000000000000e+00	7.100381454979160477e-03
0.000000000000000000e+00	2.692046936893556230e-01
0.000000000000000000e+00	-1.514773880532453154e-01
1.000000000000000000e+00	1.114363273329920911e+00
1.000000000000000000e+00	8.006374106987830253e-01
1.000000000000000000e+00	8.971004255371133329e-01
1.000000000000000000e+00	1.032500365381720631e+00
1.000000000000000000e+00	7.561999965500866283e-01
1.000000000000000000e+00	4.763325141569822452e-01
0.000000000000000000e+00	4.135117502696780134e-01
1.000000000000000000e+00	8.976814964378758699e-01
1.000000000000000000e+00	6.591407795852162188e-01
1.000000000000000000e+00	6.550017774262462122e-01
0.000000000000000000e+00	9.539894904049683877e-02
0.000000000000000000e+00	3.576900111394870629e-01
1.000000000000000000e+00	6.856727188889486513e-01
1.000000000000000000e+00	8.742174469893281286e-01
1.000000000000000000e+00	9.932879090459172389e-01
0.000000000000000000e+00	5.567009229862769359e-01
1.000000000000000000e+00	8.751827429876467557e-01
0.000000000000000000e+00	4.702107602747484516e-01
0.000000000000000000e+00	3.362072001972339907e-01
1.000000000000000000e+00	1.102568106879573628e+00
0.000000000000000000e+00	4.944776459207794739e-01
1.000000000000000000e+00	4.463001803336507645e-01
1.000000000000000000e+00	9.085856838597847762e-01
0.000000000000000000e+00	-1.701297525420986667e-01
1.000000000000000000e+00	1.100116773215989996e+00
1.000000000000000000e+00	6.963768651880698490e-01
0.000000000000000000e+00	2.431941600336881004e-01
0.000000000000000000e+00	-2.257467910506360531e-01
1.000000000000000000e+00	7.178361065844186539e-01
0.000000000000000000e+00	7.387792343508930992e-01
0.000000000000000000e+00	4.116580934176009010e-01
0.000000000000000000e+00	-3.198837832742990606e-01
0.000000000000000000e+00	4.899669752168025472e-01
0.000000000000000000e+00	1.222981952634306785e-01
0.000000000000000000e+00	-2.676956393804179671e-02
0.000000000000000000e+00	5.197851338015079259e-01
1.000000000000000000e+00	6.666409957404411113e-01
1.000000000000000000e+00	7.517760422599804038e-01
0.000000000000000000e+00	5.506011397991096290e-01
1.000000000000000000e+00	4.361026067019405650e-01
0.000000000000000000e+00	1.259993341869960343e-02
0.000000000000000000e+00	6.401278598294426470e-01
0.000000000000000000e+00	4.321317040437792079e-01
0.000000000000000000e+00	2.583412959343745485e-01
0.000000000000000000e+00	2.744812153115123721e-01
1.000000000000000000e+00	7.169305586928068630e-01
1.000000000000000000e+00	6.920170755644848848e-01
1.000000000000000000e+00	7.287977149008737499e-01
1.000000000000000000e+00	6.521546390252032088e-01
1.000000000000000000e+00	4.204147088336806504e-01
1.000000000000000000e+00	1.041258204129031251e+00
1.000000000000000000e+00	8.481822622489032515e-01
0.000000000000000000e+00	4.101430760864065994e-01
1.000000000000000000e+00	5.756464677672734620e-01
0.000000000000000000e+00	4.599413698292640906e-01
0.000000000000000000e+00	4.387336707478238229e-01
0.000000000000000000e+00	8.978149653388428630e-02
1.000000000000000000e+00	1.104364210841531024e+00
0.000000000000000000e+00	1.006776803041905949e-01
0.000000000000000000e+00	2.371836540601661159e-01
0.000000000000000000e+00	3.554600103149004875e-01
1.000000000000000000e+00	7.273679835378098479e-01
0.000000000000000000e+00	1.819162509148663787e-01
0.000000000000000000e+00	4.345655286541238449e-01
1.000000000000000000e+00	7.094081161233539712e-01
1.000000000000000000e+00	5.516890015523929769e-01
0.000000000000000000e+00	2.641440218542217000e-01
1.000000000000000000e+00	9.182677748656506989e-01
1.000000000000000000e+00	9.420380706359505751e-01
0.000000000000000000e+00	4.007696000589985319e-01
0.000000000000000000e+00	5.919697605651917938e-01
1.000000000000000000e+00	5.700820826254758833e-01
0.000000000000000000e+00	1.482334555398036324e-01
1.000000000000000000e+00	6.759288470318229880e-01
0.000000000000000000e+00	3.702799574857367215e-01
0.000000000000000000e+00	3.842604418650824027e-01
0.000000000000000000e+00	3.313590103801873354e-01
0.000000000000000000e+00	1.304138633648347645e-01
1.000000000000000000e+00	9.010006799659758814e-01
0.000000000000000000e+00	2.539461350048534127e-01
1.000000000000000000e+00	4.591524773014218352e-01
1.000000000000000000e+00	1.157309491803518720e+00
1.000000000000000000e+00	1.497034177756230600e+00
1.000000000000000000e+00	3.623311444288185856e-01
0.000000000000000000e+00	3.188639296232373965e-01
0.000000000000000000e+00	5.535363892092264315e-01
1.000000000000000000e+00	1.277190492420698487e+00
1.000000000000000000e+00	5.967660339859315322e-01
0.000000000000000000e+00	3.931360498702032302e-01
0.000000000000000000e+00	2.883867817145302492e-01
1.000000000000000000e+00	6.941411573745376318e-01
0.000000000000000000e+00	3.544789419260351848e-01
0.000000000000000000e+00	1.924008269986339781e-01
1.000000000000000000e+00	6.547423055271409664e-01
1.000000000000000000e+00	1.246825947272392154e+00
1.000000000000000000e+00	1.252457258097207760e+00
0.000000000000000000e+00	3.492367263262036170e-01
1.000000000000000000e+00	7.637732362663383068e-01
0.000000000000000000e+00	1.313270835406712689e-01
0.000000000000000000e+00	4.205765401127609104e-01
1.000000000000000000e+00	1.031876763676546016e+00
1.000000000000000000e+00	8.878009558850021854e-01
1.000000000000000000e+00	7.131595081464459085e-01
1.000000000000000000e+00	6.878005201343402319e-01
0.000000000000000000e+00	3.035806548771847191e-01
1.000000000000000000e+00	4.285029371927926989e-01
1.000000000000000000e+00	4.634145288018449715e-01
0.000000000000000000e+00	6.400481376789493027e-01
1.000000000000000000e+00	1.100947915046865067e+00
0.000000000000000000e+00	-2.143144886840178953e-01
1.000000000000000000e+00	7.160683239196569128e-01
0.000000000000000000e+00	1.445651181585161926e-01
0.000000000000000000e+00	1.767111209373420366e-01
1.000000000000000000e+00	8.759287408263755070e-01
1.000000000000000000e+00	1.291201490558876674e+00
1.000000000000000000e+00	4.982686138594061842e-01
0.000000000000000000e+00	4.016261572062430063e-01
1.000000000000000000e+00	1.069526805153216520e+00
0.000000000000000000e+00	-3.510285213408590455e-01
1.000000000000000000e+00	5.095008696792902025e-01
1.000000000000000000e+00	1.052914827687049693e+00
1.000000000000000000e+00	7.390383819967990542e-01
0.000000000000000000e+00	1.108985112247870691e-01
1.000000000000000000e+00	1.153569631102089543e+00
1.000000000000000000e+00	1.107668700345280755e+00
0.000000000000000000e+00	3.717118547903818793e-01
1.000000000000000000e+00	9.709013154397969636e-01
0.000000000000000000e+00	3.419373281316676061e-01
0.000000000000000000e+00	6.431558920372301147e-01
1.000000000000000000e+00	7.467519980309953453e-01
1.000000000000000000e+00	8.179790817066490138e-01
0.000000000000000000e+00	2.458606258086384055e-01
0.000000000000000000e+00	1.267719048931438552e-01
1.000000000000000000e+00	1.188470411472225097e+00
1.000000000000000000e+00	5.135542207124624836e-01
0.000000000000000000e+00	5.515907232558927564e-01
1.000000000000000000e+00	7.839151762107228194e-01
0.000000000000000000e+00	3.427328744710196884e-01
1.000000000000000000e+00	1.231927391604011213e+00
1.000000000000000000e+00	1.071055271376677887e+00
0.000000000000000000e+00	5.365856637433835674e-01
0.000000000000000000e+00	2.114288640136235686e-01
1.000000000000000000e+00	1.591101375388548123e+00
1.000000000000000000e+00	5.582274684180386082e-01
1.000000000000000000e+00	8.980448773454288158e-01
0.000000000000000000e+00	4.248116108722857498e-01
1.000000000000000000e+00	1.502553757558817482e+00
1.000000000000000000e+00	5.609682073423242210e-01
1.000000000000000000e+00	6.662100692875122521e-01
1.000000000000000000e+00	9.835396040489081670e-01
1.000000000000000000e+00	6.213393451241288057e-01
0.000000000000000000e+00	1.434774778690333930e-01
1.000000000000000000e+00	6.080334387930147466e-01
0.000000000000000000e+00	2.127980693959657388e-01
1.000000000000000000e+00	7.260456315184213860e-01
0.000000000000000000e+00	-5.593604732688649550e-01
0.000000000000000000e+00	2.222884598132794376e-01
1.000000000000000000e+00	8.051029919987792161e-01
1.000000000000000000e+00	6.442003020358200160e-01
0.000000000000000000e+00	2.594723990662793911e-01
1.000000000000000000e+00	5.550704474692353951e-01
0.000000000000000000e+00	4.236373161724111269e-01
1.000000000000000000e+00	1.134624005739905295e+00
0.000000000000000000e+00	5.194221305984405568e-01
0.000000000000000000e+00	8.276872592755442348e-02
1.000000000000000000e+00	5.361370516461456681e-01
1.000000000000000000e+00	7.193622040250817751e-01
0.000000000000000000e+00	1.473169568969435461e-01
1.000000000000000000e+00	7.439658402974167473e-01
1.000000000000000000e+00	1.186490063064985057e+00
1.000000000000000000e+00	8.566167616076583169e-01
0.000000000000000000e+00	3.775029721401889637e-01
1.000000000000000000e+00	8.238383936857552881e-01
1.000000000000000000e+00	4.355182654892629790e-01
0.000000000000000000e+00	5.605263766656447544e-01
1.000000000000000000e+00	1.545429075212785497e+00
1.000000000000000000e+00	9.338672516904719112e-01
1.000000000000000000e+00	1.130108745072444520e+00
0.000000000000000000e+00	3.715624668261413022e-01
0.000000000000000000e+00	2.498436360997055017e-01
1.000000000000000000e+00	9.722838840450430675e-01
1.000000000000000000e+00	9.348543304264993470e-01
0.000000000000000000e+00	-3.592208951817239537e-01
1.000000000000000000e+00	4.590374586236538046e-01
1.000000000000000000e+00	1.100214327441954465e+00
1.000000000000000000e+00	1.348995304090138792e+00
1.000000000000000000e+00	6.472129661489363084e-01
0.000000000000000000e+00	4.516804735303018847e-01
0.000000000000000000e+00	-2.214033864493814840e-01
1.000000000000000000e+00	1.715492376699212951e+00
1.000000000000000000e+00	7.413953857718107443e-01
1.000000000000000000e+00	6.088510304413872198e-01
1.000000000000000000e+00	6.267711479869430002e-01
1.000000000000000000e+00	1.322423461295362479e+00
1.000000000000000000e+00	9.194926394884597176e-01
0.000000000000000000e+00	5.343974421830688382e-01
0.000000000000000000e+00	2.314341670728452538e-01
0.000000000000000000e+00	6.792234700714451512e-02
1.000000000000000000e+00	5.125498865859376973e-01
1.000000000000000000e+00	6.021234444203106273e-01
0.000000000000000000e+00	6.466063761253957320e-01
0.000000000000000000e+00	2.131352023127904005e-01
0.000000000000000000e+00	2.193870461291392779e-03
0.000000000000000000e+00	7.557554914481011687e-01
0.000000000000000000e+00	3.534547049843526079e-01
0.000000000000000000e+00	3.190848460655754115e-01
0.000000000000000000e+00	1.561504223291591831e-01
0.000000000000000000e+00	1.711445861139882507e-01
0.000000000000000000e+00	1.478787467853246718e-01
0.000000000000000000e+00	2.876850190697648468e-01
0.000000000000000000e+00	4.426706833169836708e-01
0.000000000000000000e+00	2.543873117045438170e-01
0.000000000000000000e+00	1.364089657351408857e-01
1.000000000000000000e+00	1.088123949344372399e+00
0.000000000000000000e+00	-1.990444535628057565e-01
1.000000000000000000e+00	6.649061055907092843e-01
1.000000000000000000e+00	5.618509755917880932e-01
1.000000000000000000e+00	1.103111963019451691e+00
0.000000000000000000e+00	3.091737284152747955e-01
0.000000000000000000e+00	3.892095101379112743e-01
0.000000000000000000e+00	2.585069115351057434e-01
0.000000000000000000e+00	4.628239897091666610e-01
0.000000000000000000e+00	4.119317070813190429e-01
0.000000000000000000e+00	5.460239440452073767e-01
0.000000000000000000e+00	-7.939964720835657186e-02
1.000000000000000000e+00	1.684126253962195952e+00
0.000000000000000000e+00	-3.096055730024003250e-01
1.000000000000000000e+00	8.397619036116323876e-01
0.000000000000000000e+00	-1.637316768707559045e-01
1.000000000000000000e+00	4.810638258400917744e-01
1.000000000000000000e+00	9.176089328518575172e-01
0.000000000000000000e+00	5.688390321086705947e-01
1.000000000000000000e+00	5.325142335145548467e-01
1.000000000000000000e+00	1.304662326636815806e+00
1.000000000000000000e+00	8.158551686044588358e-01
0.000000000000000000e+00	1.279701875194901584e-01
1.000000000000000000e+00	8.580327499568940475e-01
1.000000000000000000e+00	1.225429027815346128e+00
0.000000000000000000e+00	-2.224996151104700060e-01
0.000000000000000000e+00	2.780117891099092020e-01
1.000000000000000000e+00	1.016562600339150579e+00
1.000000000000000000e+00	8.265809519713064324e-01
1.000000000000000000e+00	1.087510744791604589e+00
1.000000000000000000e+00	5.369124191167425897e-01
0.000000000000000000e+00	1.098289973643200024e-01
0.000000000000000000e+00	4.606622789124231732e-02
1.000000000000000000e+00	7.319116182435685403e-01
0.000000000000000000e+00	2.833469555563506992e-01
1.000000000000000000e+00	9.383849363566512114e-01
0.000000000000000000e+00	1.843184573691646344e-01
1.000000000000000000e+00	1.164925642713510401e+00
1.000000000000000000e+00	6.464313126708193247e-01
1.000000000000000000e+00	5.382062088983829984e-01
1.000000000000000000e+00	1.130190896384571708e+00
1.000000000000000000e+00	1.192106363599011232e+00
1.000000000000000000e+00	9.860001975169676580e-01
1.000000000000000000e+00	9.237997599820515493e-01
0.000000000000000000e+00	2.002008669179924094e-01
1.000000000000000000e+00	1.075308751748693892e+00
0.000000000000000000e+00	3.004246381146283840e-01
1.000000000000000000e+00	6.296013842526485549e-01
0.000000000000000000e+00	4.069284513143744952e-01
1.000000000000000000e+00	3.574449464494350304e-01
0.000000000000000000e+00	6.249087394617726110e-01
1.000000000000000000e+00	9.531368966412373522e-01
0.000000000000000000e+00	2.864735399565395135e-01
1.000000000000000000e+00	7.899098328669581504e-01
0.000000000000000000e+00	-2.653328070727040133e-01
1.000000000000000000e+00	6.222867315853166659e-01
0.000000000000000000e+00	1.660380029350436715e-01
0.000000000000000000e+00	4.652309084011435614e-01
0.000000000000000000e+00	-1.119688134933691376e-01
1.000000000000000000e+00	7.206676351296794625e-01
1.000000000000000000e+00	6.968214341681807644e-01
1.000000000000000000e+00	8.788784594389037474e-01
1.000000000000000000e+00	4.447692569025622489e-01
0.000000000000000000e+00	-2.896734729486425963e-01
0.000000000000000000e+00	1.847128973708388189e-01
1.000000000000000000e+00	8.398786361006240764e-01
0.000000000000000000e+00	4.459807019971080422e-01
0.000000000000000000e+00	3.245690912284136531e-01
1.000000000000000000e+00	6.682976821085113706e-01
1.000000000000000000e+00	6.766156186591528732e-01
1.000000000000000000e+00	6.122632264261007595e-01
1.000000000000000000e+00	7.312297724247363018e-01
1.000000000000000000e+00	3.982565337859156340e-01
1.000000000000000000e+00	5.982842279537683439e-01
1.000000000000000000e+00	6.464028859305935848e-01
1.000000000000000000e+00	5.203835217588508311e-01
1.000000000000000000e+00	8.140933869014762569e-01
0.000000000000000000e+00	-1.243052843494871496e-01
0.000000000000000000e+00	-5.404064995404530558e-01
1.000000000000000000e+00	1.151216082933601337e+00
1.000000000000000000e+00	1.166616060635656371e+00
1.000000000000000000e+00	5.988385849900006441e-01
0.000000000000000000e+00	-1.004911792179638552e-01
0.000000000000000000e+00	2.448768383125008996e-01
0.000000000000000000e+00	2.504456639108933458e-01
0.000000000000000000e+00	4.812441101804361410e-02
0.000000000000000000e+00	7.329482180177275541e-02
0.000000000000000000e+00	5.753964051799735913e-01
1.000000000000000000e+00	6.988008017961775398e-01
1.000000000000000000e+00	7.748201737134956524e-01
1.000000000000000000e+00	5.980464721910401238e-01
0.000000000000000000e+00	1.210274431788412319e-01
1.000000000000000000e+00	7.392667784686619559e-01
1.000000000000000000e+00	3.828440432268695459e-01
1.000000000000000000e+00	5.950687797064238005e-01
1.000000000000000000e+00	4.702879795774863037e-01
0.000000000000000000e+00	5.365516212703167476e-01
0.000000000000000000e+00	-6.791023973141385728e-02
1.000000000000000000e+00	1.025039192876716854e+00
1.000000000000000000e+00	4.429414992391574324e-01
0.000000000000000000e+00	6.062326060521153748e-01
0.000000000000000000e+00	3.047174699413487953e-01
0.000000000000000000e+00	2.420075957268533542e-02
0.000000000000000000e+00	6.326740951151619274e-01
1.000000000000000000e+00	8.094039095503149372e-01
0.000000000000000000e+00	3.699166276948178123e-01
0.000000000000000000e+00	1.504628617872837693e-01
1.000000000000000000e+00	4.610558134624468951e-01
1.000000000000000000e+00	1.375498211413820560e+00
1.000000000000000000e+00	9.984756072107843217e-01
0.000000000000000000e+00	-2.949482224894407478e-01
1.000000000000000000e+00	9.370660313577459100e-01
0.000000000000000000e+00	4.054001457194675861e-01
0.000000000000000000e+00	8.384103768297469783e-02
1.000000000000000000e+00	5.722593365558283907e-01
1.000000000000000000e+00	8.277637298388147435e-01
0.000000000000000000e+00	1.013022705347732255e-01
1.000000000000000000e+00	5.292815588605429555e-01
0.000000000000000000e+00	3.409273332575463861e-02
1.000000000000000000e+00	1.066054764145838218e+00
0.000000000000000000e+00	3.118242578919715458e-01
1.000000000000000000e+00	9.341556606621677084e-01
0.000000000000000000e+00	4.071531111877090270e-01
0.000000000000000000e+00	2.182418889790595229e-01
1.000000000000000000e+00	8.223313639967636535e-01
1.000000000000000000e+00	6.918316681384188982e-01
0.000000000000000000e+00	1.196050654240731759e-01
0.000000000000000000e+00	2.575170662357947893e-01
0.000000000000000000e+00	6.488094612389692928e-02
0.000000000000000000e+00	2.507731198444611564e-01
0.000000000000000000e+00	4.135539748180878106e-01
0.000000000000000000e+00	3.126187759534582167e-01
0.000000000000000000e+00	3.142101762951637900e-01
0.000000000000000000e+00	-1.794648371127700037e-01
0.000000000000000000e+00	1.631228586154563620e-01
1.000000000000000000e+00	1.195248177027715464e+00
0.000000000000000000e+00	9.015673157998953247e-02
0.000000000000000000e+00	4.128555816678475821e-01
0.000000000000000000e+00	2.633706617939041150e-01
1.000000000000000000e+00	8.718267379906999848e-01
0.000000000000000000e+00	2.683834522270261980e-01
1.000000000000000000e+00	5.759965201670208534e-01
1.000000000000000000e+00	7.652657935744192619e-01
0.000000000000000000e+00	2.937304003376725592e-01
0.000000000000000000e+00	-4.474425230659800218e-02
1.000000000000000000e+00	7.259130236942253900e-01
1.000000000000000000e+00	3.790263988370404236e-01
1.000000000000000000e+00	9.813595073246299538e-01
0.000000000000000000e+00	6.688735353865546962e-01
0.000000000000000000e+00	2.368713446998106098e-01
1.000000000000000000e+00	4.023153188828334503e-01
1.000000000000000000e+00	5.004572193000418334e-01
0.000000000000000000e+00	4.348731008542355836e-01
0.000000000000000000e+00	2.060208483490342801e-01
1.000000000000000000e+00	6.462627263386887533e-01
1.000000000000000000e+00	1.126725863968429664e+00
0.000000000000000000e+00	-2.369380360276419559e-02
1.000000000000000000e+00	1.238325382785629758e+00
0.000000000000000000e+00	1.076587783911456542e-01
1.000000000000000000e+00	1.213185120694357577e+00
1.000000000000000000e+00	7.017938413248692164e-01
1.000000000000000000e+00	1.373030793855242626e+00
1.000000000000000000e+00	6.224811395050757756e-01
1.000000000000000000e+00	6.180784639507810319e-01
1.000000000000000000e+00	1.034319863638305081e+00
1.000000000000000000e+00	9.948149493778564167e-01
0.000000000000000000e+00	2.212437159647299423e-01
0.000000000000000000e+00	3.271965819335379555e-01
1.000000000000000000e+00	9.359950300366811637e-01
1.000000000000000000e+00	9.104204360418463038e-01
1.000000000000000000e+00	7.591580342564944184e-01
0.000000000000000000e+00	5.366001633347784461e-01
0.000000000000000000e+00	4.603452779729983457e-01
0.000000000000000000e+00	9.185099562929023576e-02
1.000000000000000000e+00	6.296682789761099963e-01
0.000000000000000000e+00	-2.346726956539545161e-01
0.000000000000000000e+00	2.429728294643643816e-01
0.000000000000000000e+00	-4.929258158455249519e-03
0.000000000000000000e+00	4.085860549520278218e-01
0.000000000000000000e+00	5.212104923450950889e-01
0.000000000000000000e+00	2.037883044277243039e-01
1.000000000000000000e+00	9.009494812991788448e-01
0.000000000000000000e+00	4.806282540661360181e-01
1.000000000000000000e+00	1.019134745227874062e+00
1.000000000000000000e+00	6.967398684660175423e-01
1.000000000000000000e+00	8.111232334973902391e-01
0.000000000000000000e+00	-4.655009010934359481e-01
0.000000000000000000e+00	3.759397005870422637e-02
1.000000000000000000e+00	6.967758069779217411e-01
0.000000000000000000e+00	-1.057956786607706229e-01
1.000000000000000000e+00	8.170716223634553188e-01
0.000000000000000000e+00	-4.912523272954354668e-03
0.000000000000000000e+00	4.153955067684310110e-01
1.000000000000000000e+00	4.559297885996582700e-01
1.000000000000000000e+00	5.357701554515827969e-01
0.000000000000000000e+00	2.334878084165244727e-01
1.000000000000000000e+00	4.348935306352757491e-01
0.000000000000000000e+00	4.930658771079478031e-01
1.000000000000000000e+00	4.719960303079501762e-01
1.000000000000000000e+00	7.492048643308836242e-01
0.000000000000000000e+00	-5.630481723798384103e-02
0.000000000000000000e+00	4.202286644674541605e-01
1.000000000000000000e+00	7.100769036442411419e-01
0.000000000000000000e+00	1.395059177665349259e-01
1.000000000000000000e+00	3.587516622919129095e-01
0.000000000000000000e+00	-1.232760639680487436e-01
0.000000000000000000e+00	2.450457085468914498e-01
0.000000000000000000e+00	4.695756093664205655e-01
1.000000000000000000e+00	4.786439453318496740e-01
1.000000000000000000e+00	8.222837981610782165e-01
0.000000000000000000e+00	-6.714357600144764404e-02
0.000000000000000000e+00	1.134670892497503941e-01
0.000000000000000000e+00	-5.954558137585478361e-01
1.000000000000000000e+00	1.231405949978459535e+00
0.000000000000000000e+00	4.105104525328904241e-01
1.000000000000000000e+00	5.226792787746645796e-01
1.000000000000000000e+00	5.320075749430279721e-01
0.000000000000000000e+00	7.124200983256480102e-01
1.000000000000000000e+00	1.053594936883238908e+00
0.000000000000000000e+00	1.699010606579479665e-01
1.000000000000000000e+00	1.232028012140101270e+00
0.000000000000000000e+00	3.178718777585574640e-01
1.000000000000000000e+00	7.713470973202004588e-01
1.000000000000000000e+00	8.308774230573452435e-01
1.000000000000000000e+00	8.022770969307906341e-01
1.000000000000000000e+00	6.128315111283160199e-01
0.000000000000000000e+00	4.669417566417140009e-01
0.000000000000000000e+00	3.179137576935850418e-02
0.000000000000000000e+00	5.944256860366924355e-01
0.000000000000000000e+00	5.483787637610205296e-02
0.000000000000000000e+00	1.010804559830931204e-01
0.000000000000000000e+00	-3.859749363264800559e-01
1.000000000000000000e+00	8.308782285104634457e-01
1.000000000000000000e+00	1.230655515730275207e+00
1.000000000000000000e+00	7.071667240610555183e-01
0.000000000000000000e+00	3.073634677633850232e-01
0.000000000000000000e+00	1.793208799147917865e-01
1.000000000000000000e+00	6.321058360861969705e-01
0.000000000000000000e+00	2.523027928623555183e-01
0.000000000000000000e+00	6.410659260407632898e-01
1.000000000000000000e+00	1.013576127972919183e+00
0.000000000000000000e+00	3.478020421520421901e-01
1.000000000000000000e+00	6.631237843704598234e-01
0.000000000000000000e+00	3.231095778126211737e-01
0.000000000000000000e+00	-4.413231556325552529e-01
0.000000000000000000e+00	5.296712537741115057e-01
1.000000000000000000e+00	6.227350363278889578e-01
0.000000000000000000e+00	7.106410412600189241e-02
0.000000000000000000e+00	3.739773782548717063e-01
0.000000000000000000e+00	9.025031341498877813e-02
0.000000000000000000e+00	-3.400828585053515263e-01
1.000000000000000000e+00	8.670729819432453356e-01
0.000000000000000000e+00	-2.109383445843944146e-02
1.000000000000000000e+00	6.118346897549785668e-01
0.000000000000000000e+00	3.101561471018762783e-01
0.000000000000000000e+00	-3.061565875203227094e-01
0.000000000000000000e+00	3.005856309188781328e-01
0.000000000000000000e+00	-1.835967673291590829e-01
0.000000000000000000e+00	5.627280962245526097e-02
1.000000000000000000e+00	6.903300921838233517e-01
1.000000000000000000e+00	8.838175082038421948e-01
0.000000000000000000e+00	2.773133458005875851e-01
1.000000000000000000e+00	8.602984538301229334e-01
1.000000000000000000e+00	9.395369600678239452e-01
1.000000000000000000e+00	1.288827777442029587e+00
0.000000000000000000e+00	5.422309089907775270e-01
0.000000000000000000e+00	1.352431873596977342e-02
1.000000000000000000e+00	6.878799776052303416e-01
0.000000000000000000e+00	4.841633163335606893e-01
0.000000000000000000e+00	1.029172077402576296e-01
0.000000000000000000e+00	1.562526708527068320e-01
1.000000000000000000e+00	1.222584397760143826e+00
0.000000000000000000e+00	-1.892550768466481625e-01
1.000000000000000000e+00	1.001382901360276190e+00
1.000000000000000000e+00	8.594976041755353346e-01
1.000000000000000000e+00	6.002144669245211839e-01
1.000000000000000000e+00	7.804835282070258229e-01
0.000000000000000000e+00	4.494341530425359221e-01
0.000000000000000000e+00	1.649893575859587846e-01
0.000000000000000000e+00	2.555301444578652603e-01
1.000000000000000000e+00	6.634958971615815271e-01
1.000000000000000000e+00	9.832972868300231539e-01
0.000000000000000000e+00	2.912540866441801768e-01
0.000000000000000000e+00	-6.579735099862478453e-02
1.000000000000000000e+00	7.925186591745583264e-01
0.000000000000000000e+00	-3.362309376973254826e-01
0.000000000000000000e+00	1.439056403766625913e-01
0.000000000000000000e+00	3.888415330104383338e-02
1.000000000000000000e+00	5.420453694265039424e-01
0.000000000000000000e+00	-1.105972339669781535e-01
1.000000000000000000e+00	8.494938137905920783e-01
0.000000000000000000e+00	1.166830932668649068e-01
0.000000000000000000e+00	4.117652041549750841e-01
0.000000000000000000e+00	1.566780898329492022e-01
1.000000000000000000e+00	1.321366951291299108e+00
0.000000000000000000e+00	-9.921418645144061688e-02
0.000000000000000000e+00	4.166384415176748179e-01
1.000000000000000000e+00	6.326109919280832328e-01
1.000000000000000000e+00	7.218933728694645335e-01
0.000000000000000000e+00	4.307535072407269738e-01
1.000000000000000000e+00	1.245256521694297458e+00
1.000000000000000000e+00	1.366237545976114909e+00
0.000000000000000000e+00	2.946105765347522554e-01
1.000000000000000000e+00	1.210796913295921318e+00
1.000000000000000000e+00	7.335847645927138228e-01
0.000000000000000000e+00	4.521515618242523127e-01
0.000000000000000000e+00	2.020860060861638663e-01
0.000000000000000000e+00	5.020377680982567314e-01
1.000000000000000000e+00	5.625694210925914485e-01
0.000000000000000000e+00	3.305339197303824861e-01
0.000000000000000000e+00	-1.250578362447038461e-01
1.000000000000000000e+00	7.427145319724490768e-01
0.000000000000000000e+00	5.884830481706313510e-01
0.000000000000000000e+00	4.581017368383764610e-01
1.000000000000000000e+00	6.541852015015413579e-01
1.000000000000000000e+00	4.187202989379364415e-01
1.000000000000000000e+00	7.350263557024309113e-01
0.000000000000000000e+00	2.402775550034066676e-01
0.000000000000000000e+00	2.326723611916187151e-01
0.000000000000000000e+00	5.327122229528626907e-01
0.000000000000000000e+00	1.890706873046414105e-01
1.000000000000000000e+00	4.819999967609703284e-01
1.000000000000000000e+00	6.026822560113094251e-01
1.000000000000000000e+00	7.735293598705432760e-01
1.000000000000000000e+00	6.376164663916047415e-01
1.000000000000000000e+00	3.506958607870242495e-01
1.000000000000000000e+00	1.033611556565700251e+00
0.000000000000000000e+00	9.619583384331869408e-03
1.000000000000000000e+00	7.909598515627368487e-01
0.000000000000000000e+00	2.229903769101480027e-01
1.000000000000000000e+00	7.322446919083676065e-01
1.000000000000000000e+00	1.332389326833915977e+00
0.000000000000000000e+00	2.578107610431020214e-01
1.000000000000000000e+00	6.487436716304965101e-01
1.000000000000000000e+00	5.533639367925781150e-01
0.000000000000000000e+00	1.075700985101191859e-01
0.000000000000000000e+00	2.475714617249367699e-01
1.000000000000000000e+00	7.082469913492849267e-01
1.000000000000000000e+00	1.101314691964042414e+00
1.000000000000000000e+00	4.397973494517077864e-01
0.000000000000000000e+00	3.503474794762856392e-02
0.000000000000000000e+00	6.031567448769082906e-01
1.000000000000000000e+00	1.297339934945572759e+00
0.000000000000000000e+00	1.396668097045264123e-01
1.000000000000000000e+00	2.855031632823089582e-01
1.000000000000000000e+00	9.833443233971123076e-01
0.000000000000000000e+00	7.117703811690679894e-01
0.000000000000000000e+00	2.410863171768572455e-01
1.000000000000000000e+00	8.745581066619153576e-01
0.000000000000000000e+00	-4.943578049284166193e-02
0.000000000000000000e+00	3.925529026953054057e-01
1.000000000000000000e+00	4.398450431815358330e-01
0.000000000000000000e+00	4.469947320872666996e-01
0.000000000000000000e+00	6.993524480468733540e-01
1.000000000000000000e+00	8.590940471197464623e-01
0.000000000000000000e+00	-3.322153569014246050e-02
1.000000000000000000e+00	5.052177896590569484e-01
1.000000000000000000e+00	6.678056408453264536e-01
1.000000000000000000e+00	1.374901198329223861e+00
1.000000000000000000e+00	4.120163173776981713e-01
1.000000000000000000e+00	5.909337140708784686e-01
0.000000000000000000e+00	-3.495025848764359844e-01
1.000000000000000000e+00	4.861721224667402974e-01
0.000000000000000000e+00	2.499960190325326570e-01
1.000000000000000000e+00	9.599823463678339719e-01
1.000000000000000000e+00	7.395556517356056681e-01
1.000000000000000000e+00	5.414561742512964404e-01
1.000000000000000000e+00	5.521236702852352352e-01
1.000000000000000000e+00	7.925138640083850827e-01
1.000000000000000000e+00	6.975552997175863412e-01
1.000000000000000000e+00	1.132281236721721651e+00
0.000000000000000000e+00	-2.658175764953568110e-01
0.000000000000000000e+00	-5.172932810169926787e-01
1.000000000000000000e+00	1.061251125546331275e+00
0.000000000000000000e+00	6.745849244846885417e-01
1.000000000000000000e+00	8.695057732162070341e-01
1.000000000000000000e+00	6.973796189711338744e-01
1.000000000000000000e+00	6.777686609781969906e-01
0.000000000000000000e+00	-1.683590796885691201e-02
1.000000000000000000e+00	1.008719824737104087e+00
1.000000000000000000e+00	6.252052714890100615e-01
0.000000000000000000e+00	3.209569039231947030e-01
1.000000000000000000e+00	9.373153217362594214e-01
0.000000000000000000e+00	3.090692804878761302e-01
1.000000000000000000e+00	6.850080263928008950e-01
0.000000000000000000e+00	2.715693980633125393e-01
0.000000000000000000e+00	-1.215370884076069080e-01
1.000000000000000000e+00	1.013385789211413091e+00
0.000000000000000000e+00	1.489793175804993430e-01
0.000000000000000000e+00	4.548742648826507584e-01
0.000000000000000000e+00	6.131692873177624348e-01
1.000000000000000000e+00	1.165774353328331125e+00
1.000000000000000000e+00	5.391581260560516231e-01
1.000000000000000000e+00	1.715059329668634058e+00
1.000000000000000000e+00	9.727860764855101872e-01
0.000000000000000000e+00	3.078620186551010440e-01
1.000000000000000000e+00	9.428837357403652142e-01
1.000000000000000000e+00	9.923600149743149190e-01
0.000000000000000000e+00	3.765763518713474145e-01
1.000000000000000000e+00	7.137978798547455206e-01
1.000000000000000000e+00	9.662942620889283241e-01
1.000000000000000000e+00	4.368602446571294151e-01
0.000000000000000000e+00	3.403543411261101270e-01
0.000000000000000000e+00	3.053140083955290796e-01
0.000000000000000000e+00	3.552114396076914704e-01
1.000000000000000000e+00	5.870363433405462184e-01
0.000000000000000000e+00	1.390370792057660509e-01
0.000000000000000000e+00	2.084118080313155652e-01
1.000000000000000000e+00	1.392377665099332917e+00
0.000000000000000000e+00	4.529716249716945198e-01
0.000000000000000000e+00	3.713800920614330203e-01
1.000000000000000000e+00	7.039562787822050138e-01
1.000000000000000000e+00	6.259240079863549466e-01
1.000000000000000000e+00	8.355898693680963163e-01
1.000000000000000000e+00	1.122271304786769841e+00
1.000000000000000000e+00	8.706114174604101530e-01
1.000000000000000000e+00	5.871480635641551649e-01
1.000000000000000000e+00	8.740657152605945113e-01
1.000000000000000000e+00	8.033240328018188547e-01
0.000000000000000000e+00	3.994061740691082774e-01
1.000000000000000000e+00	1.054746663685393493e+00
1.000000000000000000e+00	5.865056123807663724e-01
1.000000000000000000e+00	9.495746643764536588e-01
1.000000000000000000e+00	9.339846793893905597e-01
0.000000000000000000e+00	2.826631857383180013e-01
1.000000000000000000e+00	8.060959073315351331e-01
1.000000000000000000e+00	9.362249077450010004e-01
0.000000000000000000e+00	1.547032990686942333e-01
1.000000000000000000e+00	7.893244486882747823e-01
0.000000000000000000e+00	2.511877011356761225e-01
0.000000000000000000e+00	3.658429272817895761e-01
0.000000000000000000e+00	-1.618450287220268291e-01
1.000000000000000000e+00	1.447645115888804179e+00
1.000000000000000000e+00	4.490452987414336739e-01
1.000000000000000000e+00	1.164191298926944063e+00
1.000000000000000000e+00	5.625444119192706260e-01
0.000000000000000000e+00	2.054918131437854789e-01
0.000000000000000000e+00	4.015679631171786834e-02
0.000000000000000000e+00	3.503666828988892257e-01
0.000000000000000000e+00	9.628280099129042646e-02
1.000000000000000000e+00	6.596986362037291496e-01
1.000000000000000000e+00	9.187191234553958585e-01
0.000000000000000000e+00	-5.054715308438900712e-02
1.000000000000000000e+00	9.036750801243708109e-01
0.000000000000000000e+00	-4.438002771848642558e-01
1.000000000000000000e+00	7.011493809702971092e-01
1.000000000000000000e+00	6.507555599073179264e-01
0.000000000000000000e+00	8.327446445596536906e-02
0.000000000000000000e+00	-1.915462054364626410e-01
0.000000000000000000e+00	5.320123510169640912e-01
1.000000000000000000e+00	1.169852237376719062e+00
1.000000000000000000e+00	6.317905810144398560e-01
1.000000000000000000e+00	5.178209707878241863e-01
1.000000000000000000e+00	1.217657551256788206e+00
0.000000000000000000e+00	1.006027950800116866e-01
1.000000000000000000e+00	4.247173065799333402e-01
1.000000000000000000e+00	5.682619935934133393e-01
0.000000000000000000e+00	3.539257139311106637e-01
1.000000000000000000e+00	7.921325238048717576e-01
1.000000000000000000e+00	9.590447989069117440e-01
1.000000000000000000e+00	9.348691894828435878e-01
0.000000000000000000e+00	-5.026916486097586789e-01
1.000000000000000000e+00	7.643429956327038033e-01
0.000000000000000000e+00	3.702632890119822995e-01
1.000000000000000000e+00	5.517490973200211979e-01
0.000000000000000000e+00	5.594183249880616549e-01
0.000000000000000000e+00	4.468372535916713684e-01
1.000000000000000000e+00	3.308402512916516769e-01
1.000000000000000000e+00	9.828104931908010489e-01
1.000000000000000000e+00	9.572977679612605373e-01
0.000000000000000000e+00	3.124421681470856416e-01
0.000000000000000000e+00	5.081306470724291646e-01
0.000000000000000000e+00	-1.032452765788065274e-01
1.000000000000000000e+00	6.991662715655996285e-01
0.000000000000000000e+00	9.930288059892632135e-02
0.000000000000000000e+00	4.428108056863160336e-01
1.000000000000000000e+00	7.979406329527966024e-01
1.000000000000000000e+00	4.410517621770996266e-01
0.000000000000000000e+00	6.061484639143863845e-02
1.000000000000000000e+00	9.671470113121948264e-01
1.000000000000000000e+00	1.220507149796954627e+00
0.000000000000000000e+00	3.017334293496637954e-01
0.000000000000000000e+00	-2.867859948546256504e-02
1.000000000000000000e+00	5.887033437085529286e-01
1.000000000000000000e+00	7.309511917251599877e-01
0.000000000000000000e+00	5.063322263958667246e-01
1.000000000000000000e+00	8.181744288449782632e-01
0.000000000000000000e+00	2.629902163970509466e-01
1.000000000000000000e+00	7.089418718349844717e-01
0.000000000000000000e+00	2.439416490062320253e-01
0.000000000000000000e+00	1.254938494797862014e-01
0.000000000000000000e+00	4.443606381693719909e-01
1.000000000000000000e+00	8.355062517869807914e-01
1.000000000000000000e+00	9.735051805676233627e-01
1.000000000000000000e+00	8.368831207336411282e-01
1.000000000000000000e+00	6.876631812695617185e-01
0.000000000000000000e+00	4.200425956971628461e-01
1.000000000000000000e+00	8.764738781584235916e-01
1.000000000000000000e+00	7.855795668617997496e-01
1.000000000000000000e+00	8.069035535496930089e-01
0.000000000000000000e+00	3.276440914420168937e-01
1.000000000000000000e+00	3.987862292345187298e-01
0.000000000000000000e+00	2.267958042948300668e-01
0.000000000000000000e+00	1.987215325984166558e-02
1.000000000000000000e+00	8.266463510751580479e-01
0.000000000000000000e+00	4.126226194704788464e-01
1.000000000000000000e+00	6.554654389536483938e-01
1.000000000000000000e+00	5.859013803936589104e-01
0.000000000000000000e+00	-6.511520095576749101e-02
1.000000000000000000e+00	7.848306960377267050e-01
0.000000000000000000e+00	2.579203505946888186e-01
0.000000000000000000e+00	3.239943199383411576e-01
1.000000000000000000e+00	7.307669019378820741e-01
1.000000000000000000e+00	5.257312390592664419e-01
1.000000000000000000e+00	1.091770879912916214e+00
1.000000000000000000e+00	1.082291666144239439e+00
0.000000000000000000e+00	6.230012025659393826e-01
1.000000000000000000e+00	7.951505884117749945e-01
0.000000000000000000e+00	3.219453121877631774e-01
0.000000000000000000e+00	-1.105161155637835943e-02
1.000000000000000000e+00	1.597374045279419841e+00
0.000000000000000000e+00	1.285251840880930196e-01
1.000000000000000000e+00	7.735430779528155165e-01
0.000000000000000000e+00	5.273035778121736017e-02
0.000000000000000000e+00	4.099582762500677546e-01
0.000000000000000000e+00	2.244046212658244999e-01
0.000000000000000000e+00	4.732448903187255057e-02
1.000000000000000000e+00	8.868397739171384186e-01
1.000000000000000000e+00	7.733617888941950458e-01
0.000000000000000000e+00	-1.073153015300174762e-01
0.000000000000000000e+00	2.285195692004776680e-01
0.000000000000000000e+00	2.341578532213572580e-02
0.000000000000000000e+00	2.923755821617283757e-01
0.000000000000000000e+00	-1.758617301601046456e-01
0.000000000000000000e+00	5.341481221631502185e-01
1.000000000000000000e+00	5.770768706624792577e-01
0.000000000000000000e+00	-5.127583185521549305e-03
0.000000000000000000e+00	8.857408090039368964e-02
1.000000000000000000e+00	7.879190471530096440e-01
0.000000000000000000e+00	5.294807551012871150e-01
1.000000000000000000e+00	8.389726272534341334e-01
1.000000000000000000e+00	7.710571160017166692e-01
1.000000000000000000e+00	1.646156098708773552e+00
1.000000000000000000e+00	9.765593731535632260e-01
1.000000000000000000e+00	5.581329177881579895e-01
1.000000000000000000e+00	8.601015233955993100e-01
1.000000000000000000e+00	3.957268921378662707e-01
0.000000000000000000e+00	3.348766118359936539e-01
1.000000000000000000e+00	1.331177868839221290e+00
1.000000000000000000e+00	5.114437946019427805e-01
1.000000000000000000e+00	5.494197893186886228e-01
1.000000000000000000e+00	1.131840275212359970e+00
0.000000000000000000e+00	4.846935354623799208e-01
1.000000000000000000e+00	1.091088532787232390e+00
1.000000000000000000e+00	7.922938813425173255e-01
0.000000000000000000e+00	5.101877252176957311e-01
0.000000000000000000e+00	3.561140478263791209e-01
0.000000000000000000e+00	1.717524573985319825e-01
1.000000000000000000e+00	7.166479083084528190e-01
1.000000000000000000e+00	8.140344375172128277e-01
1.000000000000000000e+00	9.791314128730109756e-01
1.000000000000000000e+00	4.090933413295719245e-01
0.000000000000000000e+00	-4.695657006219961654e-02
1.000000000000000000e+00	8.303819917963284336e-01
1.000000000000000000e+00	3.370543738527610467e-01
0.000000000000000000e+00	3.764432016941705594e-01
0.000000000000000000e+00	4.468499093331541050e-01
1.000000000000000000e+00	5.058429689121147765e-01
0.000000000000000000e+00	6.907238161318210445e-02
0.000000000000000000e+00	-2.904554207836620439e-01
1.000000000000000000e+00	7.736411457585277152e-01
0.000000000000000000e+00	1.507197548544077226e-01
1.000000000000000000e+00	8.648469133736099712e-01
0.000000000000000000e+00	3.204044892389694144e-01
1.000000000000000000e+00	4.227087375572425310e-01
1.000000000000000000e+00	6.695317150125686956e-01
0.000000000000000000e+00	1.491727004727252670e-01
1.000000000000000000e+00	8.450333220282747471e-01
1.000000000000000000e+00	8.264940254154869992e-01
0.000000000000000000e+00	3.921091177720894549e-01
0.000000000000000000e+00	1.319158929900444699e-01
1.000000000000000000e+00	1.210659008402087178e+00
1.000000000000000000e+00	5.683065264122993954e-01
1.000000000000000000e+00	7.021570795878143700e-01
1.000000000000000000e+00	1.425913977790262965e+00
0.000000000000000000e+00	1.834986083815221686e-02
0.000000000000000000e+00	-5.368674642718607171e-02
1.000000000000000000e+00	7.503211528986811762e-01
1.000000000000000000e+00	5.717565756601378224e-01
0.000000000000000000e+00	3.942219860290929190e-01
1.000000000000000000e+00	1.178606446636694338e+00
0.000000000000000000e+00	1.677654484956672132e-01
0.000000000000000000e+00	-6.380277172311681066e-02
0.000000000000000000e+00	5.170030043920855745e-01
0.000000000000000000e+00	5.382780144655673338e-01
0.000000000000000000e+00	2.248586624711217674e-01
0.000000000000000000e+00	4.255019632733998969e-01
0.000000000000000000e+00	5.094676965368877264e-01
0.000000000000000000e+00	7.259202937513603571e-01
0.000000000000000000e+00	6.432195231804720414e-01
1.000000000000000000e+00	9.794844373872503285e-01
0.000000000000000000e+00	2.143942132814869173e-01
1.000000000000000000e+00	1.044169299763206160e+00
0.000000000000000000e+00	-3.301029876288220644e-01
0.000000000000000000e+00	2.648468883670354046e-01
0.000000000000000000e+00	3.276251085573626126e-02
1.000000000000000000e+00	8.701403925528922167e-01
1.000000000000000000e+00	6.148042745549662236e-01
1.000000000000000000e+00	7.814570157450054788e-01
0.000000000000000000e+00	4.402197004405240532e-01
1.000000000000000000e+00	4.894244166208310265e-01
0.000000000000000000e+00	4.190680425026444555e-01
0.000000000000000000e+00	4.912346049013569665e-02
1.000000000000000000e+00	1.248341341227453771e+00
0.000000000000000000e+00	2.440407574437268579e-01
0.000000000000000000e+00	-4.995179654145935899e-01
1.000000000000000000e+00	3.131010582429484268e-01
0.000000000000000000e+00	3.783490723838883740e-01
1.000000000000000000e+00	4.662221555056058619e-01
1.000000000000000000e+00	8.493066351573199668e-01
0.000000000000000000e+00	3.539198519229591611e-01
1.000000000000000000e+00	1.168144346909186782e+00
0.000000000000000000e+00	4.871567482381171654e-01
1.000000000000000000e+00	7.558699096712531151e-01
1.000000000000000000e+00	9.682430620654272069e-01
0.000000000000000000e+00	6.268723341688160755e-02
1.000000000000000000e+00	5.183837597056207835e-01
0.000000000000000000e+00	4.064204961211335676e-01
1.000000000000000000e+00	4.738557882603446347e-01
1.000000000000000000e+00	6.675992580374549012e-01
1.000000000000000000e+00	1.470549704344861652e+00
0.000000000000000000e+00	3.606918364398157828e-01
1.000000000000000000e+00	1.251308080327311556e+00
0.000000000000000000e+00	-2.047398298315262766e-01
0.000000000000000000e+00	5.677675073566733621e-01
1.000000000000000000e+00	4.370385708127485502e-01
0.000000000000000000e+00	4.164620209477887247e-01
1.000000000000000000e+00	1.227599733820055050e+00
0.000000000000000000e+00	1.122705349035629102e-01
0.000000000000000000e+00	2.972410159647950190e-01
1.000000000000000000e+00	1.038595360932549116e+00
0.000000000000000000e+00	5.285726266600691003e-01
1.000000000000000000e+00	9.050163584249216742e-01
1.000000000000000000e+00	6.035202836901545353e-01
1.000000000000000000e+00	6.998530707971298837e-01
0.000000000000000000e+00	3.625669220659338832e-01
1.000000000000000000e+00	7.095980417831271314e-01
1.000000000000000000e+00	6.728068183451958451e-01
1.000000000000000000e+00	7.555748325094174822e-01
0.000000000000000000e+00	1.756434026751957922e-01
1.000000000000000000e+00	1.092214066291073982e+00
0.000000000000000000e+00	-9.473025036964025092e-02
1.000000000000000000e+00	7.115329225667055280e-01
0.000000000000000000e+00	2.666935915433134019e-01
1.000000000000000000e+00	8.472249952942764173e-01
1.000000000000000000e+00	1.234282062568761162e+00
1.000000000000000000e+00	7.805777174445845956e-01
0.000000000000000000e+00	2.431747120195514311e-01
1.000000000000000000e+00	5.090663499236539602e-01
0.000000000000000000e+00	1.341025027844211792e-01
0.000000000000000000e+00	3.532623280419062151e-01
0.000000000000000000e+00	1.521294474706743477e-02
1.000000000000000000e+00	6.337505680899189198e-01
1.000000000000000000e+00	1.015885785595695978e+00
0.000000000000000000e+00	1.379072076027040294e-01
1.000000000000000000e+00	1.154686655029842468e+00
1.000000000000000000e+00	7.300252256586865496e-01
0.000000000000000000e+00	5.815187056533591692e-01
1.000000000000000000e+00	1.002813651560525265e+00
0.000000000000000000e+00	1.488217976928097042e-01
1.000000000000000000e+00	1.089401737276703974e+00
1.000000000000000000e+00	1.115176661993507734e+00
1.000000000000000000e+00	1.317424531291615075e+00
1.000000000000000000e+00	5.531369590255449387e-01
1.000000000000000000e+00	7.240493705829681437e-01
1.000000000000000000e+00	5.202438794474093520e-01
1.000000000000000000e+00	1.288408508365524119e+00
1.000000000000000000e+00	9.369925581233379264e-01
1.000000000000000000e+00	5.904551919109528590e-01
1.000000000000000000e+00	8.482005110447821128e-01
0.000000000000000000e+00	5.972380038889570919e-01
1.000000000000000000e+00	7.082346439530297078e-01
0.000000000000000000e+00	4.730394644354801170e-01
0.000000000000000000e+00	3.001509110322049811e-01
0.000000000000000000e+00	-8.589125386609962609e-01
0.000000000000000000e+00	2.350108725804128940e-01
