1.000000000000000000e+00	8.561663005298510987e-01
1.000000000000000000e+00	8.770517166398258402e-01
0.000000000000000000e+00	-8.628855748914815438e-02
1.000000000000000000e+00	4.877266551384187854e-01
0.000000000000000000e+00	4.433030668054407930e-02
0.000000000000000000e+00	3.661964406197297239e-01
0.000000000000000000e+00	4.888306143347286858e-01
1.000000000000000000e+00	4.559983614827182175e-01
1.000000000000000000e+00	7.547299576516111053e-01
1.000000000000000000e+00	6.456570428206234169e-01
0.000000000000000000e+00	3.679313342727151548e-02
0.000000000000000000e+00	3.542595073629125069e-01
0.000000000000000000e+00	4.409585572631949391e-01
1.000000000000000000e+00	7.744585940039208083e-01
1.000000000000000000e+00	2.578160767344653825e-01
0.000000000000000000e+00	1.408924328690978611e-01
1.000000000000000000e+00	9.457442016731990586e-01
1.000000000000000000e+00	5.396900621965253775e-01
0.000000000000000000e+00	-3.306941783552334035e-01
1.000000000000000000e+00	7.144341703111698472e-01
0.000000000000000000e+00	-1.554651700543243920e-01
0.000000000000000000e+00	2.489114641728343846e-01
1.000000000000000000e+00	1.227365589639320298e+00
0.000000000000000000e+00	5.858472179308213956e-01
0.000000000000000000e+00	-2.586020462203345582e-01
0.000000000000000000e+00	1.930688777619640195e-01
1.000000000000000000e+00	8.652148296610182587e-01
0.000000000000000000e+00	-9.236309628886399392e-02
1.000000000000000000e+00	1.266927445062190127e+00
1.000000000000000000e+00	5.176795096286375131e-01
1.000000000000000000e+00	7.944392748181704489e-01
0.000000000000000000e+00	-1.634212482474723949e-01
1.000000000000000000e+00	9.426810000149740132e-01
1.000000000000000000e+00	8.292183529066859959e-01
1.000000000000000000e+00	7.567039846165103389e-01
1.000000000000000000e+00	5.301360932120512404e-01
1.000000000000000000e+00	6.166169362218423267e-01
1.000000000000000000e+00	7.524755828236555644e-01
0.000000000000000000e+00	-2.007118197035957508e-01
1.000000000000000000e+00	5.385151425310289452e-01
1.000000000000000000e+00	1.112553827313877752e+00
1.000000000000000000e+00	6.154827074164644918e-01
1.000000000000000000e+00	1.014106799513410984e+00
0.000000000000000000e+00	3.247736005835777928e-01
0.000000000000000000e+00	4.021998139888416368e-01
0.000000000000000000e+00	5.145256121204786481e-01
1.000000000000000000e+00	1.213417253048623579e+00
0.000000000000000000e+00	1.735404461734117998e-01
1.000000000000000000e+00	6.705719821515518930e-01
1.000000000000000000e+00	9.146398318121660154e-01
1.000000000000000000e+00	7.815059808578609379e-01
0.000000000000000000e+00	3.412585060172922402e-01
0.000000000000000000e+00	5.203701882118191291e-01
0.000000000000000000e+00	5.574205219082117857e-01
0.000000000000000000e+00	2.896407530411022058e-01
1.000000000000000000e+00	1.126273515955277249e+00
0.000000000000000000e+00	2.261490953694749173e-01
1.000000000000000000e+00	7.958621272801007507e-01
1.000000000000000000e+00	1.203194236569088860e+00
1.000000000000000000e+00	4.835142995135921495e-01
1.000000000000000000e+00	1.668770408155784368e+00
1.000000000000000000e+00	7.645633166832589422e-01
0.000000000000000000e+00	3.418963590764267924e-02
1.000000000000000000e+00	1.007519309298507526e+00
1.000000000000000000e+00	8.089635381076959453e-01
0.000000000000000000e+00	2.331788479124924721e-02
0.000000000000000000e+00	-1.550557919086032743e-01
0.000000000000000000e+00	3.097710554805371830e-01
0.000000000000000000e+00	-2.080057214248063335e-01
0.000000000000000000e+00	3.461075824540410517e-01
1.000000000000000000e+00	3.328805831440642127e-01
0.000000000000000000e+00	-1.613481530159621702e-01
1.000000000000000000e+00	3.710217503413521523e-01
1.000000000000000000e+00	7.791496617753986831e-01
0.000000000000000000e+00	1.138155284286819918e-01
1.000000000000000000e+00	5.736234295731461597e-01
0.000000000000000000e+00	-2.433864505171235981e-01
1.000000000000000000e+00	8.534442649578167783e-01
0.000000000000000000e+00	-8.415676213700945540e-02
0.000000000000000000e+00	2.394269119615097530e-01
0.000000000000000000e+00	4.363776774650305335e-01
1.000000000000000000e+00	1.012390336068653029e+00
0.000000000000000000e+00	1.259101870637942266e-01
0.000000000000000000e+00	1.846271879144293915e-01
1.000000000000000000e+00	6.884195237308130544e-01
0.000000000000000000e+00	-1.595867342775864617e-01
0.000000000000000000e+00	4.519858680752082969e-01
0.000000000000000000e+00	4.406457852438521589e-02
0.000000000000000000e+00	-4.452897867244662300e-02
0.000000000000000000e+00	3.675478741088094026e-01
0.000000000000000000e+00	3.453524182342713744e-01
0.000000000000000000e+00	2.043534629683795845e-01
0.000000000000000000e+00	2.343655667270610199e-01
0.000000000000000000e+00	3.814839015955687196e-01
0.000000000000000000e+00	1.448829249235517591e-01
1.000000000000000000e+00	8.559756923826957742e-01
1.000000000000000000e+00	5.462146327615562402e-01
0.000000000000000000e+00	7.595489966926075205e-03
0.000000000000000000e+00	-9.939450035916831683e-02
0.000000000000000000e+00	2.913715840957405989e-01
0.000000000000000000e+00	-1.328460954475792211e-01
1.000000000000000000e+00	1.193451585906978751e+00
1.000000000000000000e+00	7.093257313048225710e-01
1.000000000000000000e+00	9.371805439731570875e-01
1.000000000000000000e+00	1.073528054825027445e+00
1.000000000000000000e+00	6.485693656222119019e-01
1.000000000000000000e+00	4.906058910342523394e-01
0.000000000000000000e+00	4.728831641981551814e-01
1.000000000000000000e+00	7.828495524877946421e-01
1.000000000000000000e+00	6.049617958250641525e-01
1.000000000000000000e+00	7.107048087790296398e-01
0.000000000000000000e+00	2.900172107663747667e-01
0.000000000000000000e+00	3.103644836242655525e-01
1.000000000000000000e+00	7.206268844523283645e-01
1.000000000000000000e+00	9.241483386084305973e-01
1.000000000000000000e+00	1.101102773155334447e+00
0.000000000000000000e+00	5.168655725446132942e-01
1.000000000000000000e+00	1.035318358248996429e+00
0.000000000000000000e+00	4.188377626892285099e-01
0.000000000000000000e+00	3.253509308698308011e-01
1.000000000000000000e+00	1.022623221922034364e+00
0.000000000000000000e+00	4.805811710195013742e-01
1.000000000000000000e+00	3.534776456672050760e-01
1.000000000000000000e+00	9.112194879349891918e-01
0.000000000000000000e+00	-1.023552309588297710e-01
1.000000000000000000e+00	1.025081187899540947e+00
1.000000000000000000e+00	6.914575898330103110e-01
0.000000000000000000e+00	2.948624117543263701e-01
0.000000000000000000e+00	-2.559986219008560937e-01
1.000000000000000000e+00	6.737497021173473044e-01
0.000000000000000000e+00	7.929072358098526729e-01
0.000000000000000000e+00	3.664633777342810039e-01
0.000000000000000000e+00	-2.036338813046525975e-01
0.000000000000000000e+00	4.978212549664843278e-01
0.000000000000000000e+00	9.655290113140822805e-02
0.000000000000000000e+00	-3.404506300500398375e-02
0.000000000000000000e+00	5.815730198924313754e-01
1.000000000000000000e+00	7.450197114427344891e-01
1.000000000000000000e+00	7.130848512861661659e-01
0.000000000000000000e+00	5.555634788402682434e-01
1.000000000000000000e+00	4.296010681301780099e-01
0.000000000000000000e+00	4.671228611405055936e-02
0.000000000000000000e+00	7.983949185835697016e-01
0.000000000000000000e+00	5.502595684278493993e-01
0.000000000000000000e+00	3.054936985123871129e-01
0.000000000000000000e+00	2.491517644429474820e-01
1.000000000000000000e+00	8.499833122230446847e-01
1.000000000000000000e+00	6.229062582338080745e-01
1.000000000000000000e+00	7.981426115599965510e-01
1.000000000000000000e+00	5.617424556008591141e-01
1.000000000000000000e+00	4.205529425258969223e-01
1.000000000000000000e+00	1.014565042801359729e+00
1.000000000000000000e+00	7.550607048490400874e-01
0.000000000000000000e+00	4.429873378016488950e-01
1.000000000000000000e+00	6.129230582448854658e-01
0.000000000000000000e+00	5.116770897966853582e-01
0.000000000000000000e+00	4.350403864785856722e-01
0.000000000000000000e+00	2.038890579903185618e-01
1.000000000000000000e+00	1.102494067148678036e+00
0.000000000000000000e+00	4.847327033536315971e-02
0.000000000000000000e+00	2.309450281598167676e-01
0.000000000000000000e+00	4.839580474587695247e-01
1.000000000000000000e+00	6.549011111196972879e-01
0.000000000000000000e+00	9.836995953568758444e-02
0.000000000000000000e+00	4.085795603820764899e-01
1.000000000000000000e+00	7.528157769151776479e-01
1.000000000000000000e+00	4.580426353557436880e-01
0.000000000000000000e+00	2.737354403683419646e-01
1.000000000000000000e+00	9.760114876782615134e-01
1.000000000000000000e+00	9.568295283107193239e-01
0.000000000000000000e+00	3.595492874395024852e-01
0.000000000000000000e+00	6.602570063760819785e-01
1.000000000000000000e+00	5.579896003487133660e-01
0.000000000000000000e+00	1.664124854471616399e-01
1.000000000000000000e+00	6.351539994965151870e-01
0.000000000000000000e+00	3.170722767805043141e-01
0.000000000000000000e+00	3.530815017866301697e-01
0.000000000000000000e+00	2.585810441281450878e-01
0.000000000000000000e+00	1.839360215312345337e-01
1.000000000000000000e+00	8.882413813033911421e-01
0.000000000000000000e+00	2.584925886828409181e-01
1.000000000000000000e+00	4.209693013260278893e-01
1.000000000000000000e+00	1.133091329994278640e+00
1.000000000000000000e+00	1.450558471657334314e+00
1.000000000000000000e+00	2.978228417938071360e-01
0.000000000000000000e+00	4.398961681333457552e-01
0.000000000000000000e+00	4.023806947560614189e-01
1.000000000000000000e+00	1.283315180713036296e+00
1.000000000000000000e+00	5.801383203405026112e-01
0.000000000000000000e+00	3.642898131072715984e-01
0.000000000000000000e+00	4.212300123670250085e-01
1.000000000000000000e+00	6.893748603123683871e-01
0.000000000000000000e+00	3.275407636773196574e-01
0.000000000000000000e+00	1.403072402346090264e-01
1.000000000000000000e+00	6.644783552475699295e-01
1.000000000000000000e+00	1.172628415684901171e+00
1.000000000000000000e+00	1.296360132758528128e+00
0.000000000000000000e+00	4.153713017972529009e-01
1.000000000000000000e+00	7.094390227979405772e-01
0.000000000000000000e+00	1.679966681618055013e-01
0.000000000000000000e+00	4.422783572241194561e-01
1.000000000000000000e+00	9.335607172049950053e-01
1.000000000000000000e+00	9.016124635130240428e-01
1.000000000000000000e+00	7.729105612236357725e-01
1.000000000000000000e+00	6.280190615807128562e-01
0.000000000000000000e+00	2.483524290796439715e-01
1.000000000000000000e+00	5.338653352565865262e-01
1.000000000000000000e+00	4.207622696015935193e-01
0.000000000000000000e+00	6.754562606490353005e-01
1.000000000000000000e+00	1.173317972733098458e+00
0.000000000000000000e+00	-3.305015367316899710e-01
1.000000000000000000e+00	7.695307835761587834e-01
0.000000000000000000e+00	1.534358523360007942e-01
0.000000000000000000e+00	2.474678142150460169e-01
1.000000000000000000e+00	7.939399605177073216e-01
1.000000000000000000e+00	1.493706638220139604e+00
1.000000000000000000e+00	4.457788079322347885e-01
0.000000000000000000e+00	4.531247480578921016e-01
1.000000000000000000e+00	1.036678370279855432e+00
0.000000000000000000e+00	-3.011531506927226376e-01
1.000000000000000000e+00	3.146263410993462295e-01
1.000000000000000000e+00	1.041508103959197795e+00
1.000000000000000000e+00	6.088258618371816810e-01
0.000000000000000000e+00	1.735118632823958729e-01
1.000000000000000000e+00	1.166981261949961990e+00
1.000000000000000000e+00	9.912447037739745559e-01
0.000000000000000000e+00	2.837017830226330473e-01
1.000000000000000000e+00	8.758546685112272856e-01
0.000000000000000000e+00	3.991494391430002175e-01
0.000000000000000000e+00	6.442087705748313908e-01
1.000000000000000000e+00	7.652137970870872552e-01
1.000000000000000000e+00	8.397086856300914892e-01
0.000000000000000000e+00	2.024800550877902672e-01
0.000000000000000000e+00	1.233539476064016427e-01
1.000000000000000000e+00	1.187127908979082713e+00
1.000000000000000000e+00	5.897059228207389703e-01
0.000000000000000000e+00	5.099027204308075323e-01
1.000000000000000000e+00	7.434438201677620039e-01
0.000000000000000000e+00	3.585302504038588300e-01
1.000000000000000000e+00	1.196499738579665406e+00
1.000000000000000000e+00	1.099710822608213290e+00
0.000000000000000000e+00	5.394159878419738652e-01
0.000000000000000000e+00	1.604265064325251233e-01
1.000000000000000000e+00	1.572578704164173669e+00
1.000000000000000000e+00	4.959738719966035880e-01
1.000000000000000000e+00	8.468538748154313955e-01
0.000000000000000000e+00	4.976894210863034296e-01
1.000000000000000000e+00	1.555196405221504374e+00
1.000000000000000000e+00	5.449022345874439122e-01
1.000000000000000000e+00	8.198866446965353827e-01
1.000000000000000000e+00	9.787537549525452407e-01
1.000000000000000000e+00	5.930176610746197285e-01
0.000000000000000000e+00	9.143682775243637539e-02
1.000000000000000000e+00	5.981655792977117470e-01
0.000000000000000000e+00	2.514350951522875688e-01
1.000000000000000000e+00	6.074014630993780361e-01
0.000000000000000000e+00	-4.976503274112312192e-01
0.000000000000000000e+00	1.304615568029466877e-01
1.000000000000000000e+00	8.138864986765458331e-01
1.000000000000000000e+00	6.478238851391189268e-01
0.000000000000000000e+00	3.424504370258769637e-01
1.000000000000000000e+00	5.534214248719622198e-01
0.000000000000000000e+00	3.564209500963837485e-01
1.000000000000000000e+00	1.292502385849425561e+00
0.000000000000000000e+00	5.184447510407761417e-01
0.000000000000000000e+00	1.460272379153078892e-01
1.000000000000000000e+00	4.878311129009351155e-01
1.000000000000000000e+00	7.973417331750985992e-01
0.000000000000000000e+00	7.204138528954677489e-02
1.000000000000000000e+00	8.041861650492002633e-01
1.000000000000000000e+00	1.153503085190813460e+00
1.000000000000000000e+00	8.480838769913210395e-01
0.000000000000000000e+00	4.026032638244527728e-01
1.000000000000000000e+00	9.107603903865189032e-01
1.000000000000000000e+00	3.407821557782320099e-01
0.000000000000000000e+00	4.660079061833610203e-01
1.000000000000000000e+00	1.395265592310517055e+00
1.000000000000000000e+00	1.010325159199154221e+00
1.000000000000000000e+00	1.065018942097382126e+00
0.000000000000000000e+00	4.170261232513068905e-01
0.000000000000000000e+00	2.000727578968924392e-01
1.000000000000000000e+00	9.117622909765011885e-01
1.000000000000000000e+00	8.697421656061232742e-01
0.000000000000000000e+00	-2.898183088851771783e-01
1.000000000000000000e+00	4.518065742634482795e-01
1.000000000000000000e+00	1.028178661067474797e+00
1.000000000000000000e+00	1.299073056136540449e+00
1.000000000000000000e+00	7.852247612942627741e-01
0.000000000000000000e+00	4.304784792013712225e-01
0.000000000000000000e+00	-2.735577996037473758e-01
1.000000000000000000e+00	1.578810076861837608e+00
1.000000000000000000e+00	7.595164275937161813e-01
1.000000000000000000e+00	5.899231811305341022e-01
1.000000000000000000e+00	5.948575066127370636e-01
1.000000000000000000e+00	1.178627038036031083e+00
1.000000000000000000e+00	1.002316630033327050e+00
0.000000000000000000e+00	6.409467969655946451e-01
0.000000000000000000e+00	1.920456452766634847e-01
0.000000000000000000e+00	4.008588901067878379e-02
1.000000000000000000e+00	5.280599054305952222e-01
1.000000000000000000e+00	5.558963723022628534e-01
0.000000000000000000e+00	7.286099851076380807e-01
0.000000000000000000e+00	1.353037964375815860e-01
0.000000000000000000e+00	8.309900929401345393e-02
0.000000000000000000e+00	6.998420187493646916e-01
0.000000000000000000e+00	4.165479624921343826e-01
0.000000000000000000e+00	5.003956412582630797e-01
0.000000000000000000e+00	2.601374221172971790e-01
0.000000000000000000e+00	1.291676763824879115e-01
0.000000000000000000e+00	1.855607670024287670e-01
0.000000000000000000e+00	3.338122958855129774e-01
0.000000000000000000e+00	4.345280495714407554e-01
0.000000000000000000e+00	2.862014840566395324e-01
0.000000000000000000e+00	7.548496989106540100e-02
1.000000000000000000e+00	1.164947190089055562e+00
0.000000000000000000e+00	-5.048866013699637723e-02
1.000000000000000000e+00	7.376888129120526827e-01
1.000000000000000000e+00	4.675372492926336832e-01
1.000000000000000000e+00	1.165871543881327410e+00
0.000000000000000000e+00	4.484399609333401537e-01
0.000000000000000000e+00	4.843915649925231715e-01
0.000000000000000000e+00	2.581666008039366633e-01
0.000000000000000000e+00	4.652769282456361566e-01
0.000000000000000000e+00	3.902528794590631178e-01
0.000000000000000000e+00	6.047514049174617101e-01
0.000000000000000000e+00	-5.577946698372852029e-03
1.000000000000000000e+00	1.685903114740375131e+00
0.000000000000000000e+00	-2.870865481121628870e-01
1.000000000000000000e+00	8.485151516500752944e-01
0.000000000000000000e+00	-9.014542331553521137e-02
1.000000000000000000e+00	4.473606705156152330e-01
1.000000000000000000e+00	8.104459692426324580e-01
0.000000000000000000e+00	5.606979912810952094e-01
1.000000000000000000e+00	6.097305828263791527e-01
1.000000000000000000e+00	1.270820537919078674e+00
1.000000000000000000e+00	9.155715043023991973e-01
0.000000000000000000e+00	1.424534039716278122e-01
1.000000000000000000e+00	8.034029889136323765e-01
1.000000000000000000e+00	1.241438612473708902e+00
0.000000000000000000e+00	-2.036677341741760516e-01
0.000000000000000000e+00	3.004517149631028006e-01
1.000000000000000000e+00	1.069797323648368659e+00
1.000000000000000000e+00	7.969446318312934929e-01
1.000000000000000000e+00	9.717530679289549944e-01
1.000000000000000000e+00	6.191369823255842286e-01
0.000000000000000000e+00	7.586482339854623558e-02
0.000000000000000000e+00	1.294492162380490863e-02
1.000000000000000000e+00	6.615998229777380057e-01
0.000000000000000000e+00	2.803776447375060932e-01
1.000000000000000000e+00	9.573674456079389605e-01
0.000000000000000000e+00	2.548831935261698933e-01
1.000000000000000000e+00	1.148474663463318945e+00
1.000000000000000000e+00	6.479967491836766680e-01
1.000000000000000000e+00	4.394730951724959422e-01
1.000000000000000000e+00	1.054307880555272581e+00
1.000000000000000000e+00	1.185045330673607955e+00
1.000000000000000000e+00	9.536761838665038793e-01
1.000000000000000000e+00	9.345341458322574679e-01
0.000000000000000000e+00	2.027038504057992185e-01
1.000000000000000000e+00	1.068747420544834847e+00
0.000000000000000000e+00	2.889956764511714127e-01
1.000000000000000000e+00	6.855823182867047949e-01
0.000000000000000000e+00	3.565210736265380098e-01
1.000000000000000000e+00	4.507058162798238121e-01
0.000000000000000000e+00	7.347989818652123084e-01
1.000000000000000000e+00	7.966278475618377986e-01
0.000000000000000000e+00	3.346106522650163506e-01
1.000000000000000000e+00	8.432296607395542987e-01
0.000000000000000000e+00	-3.090474534250222671e-01
1.000000000000000000e+00	6.406348543771550608e-01
0.000000000000000000e+00	2.011739605697912547e-01
0.000000000000000000e+00	5.304576273863373936e-01
0.000000000000000000e+00	-6.736734079802005060e-02
1.000000000000000000e+00	7.918899114191789712e-01
1.000000000000000000e+00	5.957194964315080110e-01
1.000000000000000000e+00	8.403083474811305909e-01
1.000000000000000000e+00	4.080884172168069424e-01
0.000000000000000000e+00	-1.355426372812688074e-01
0.000000000000000000e+00	1.597426685971357618e-01
1.000000000000000000e+00	8.774177573835233446e-01
0.000000000000000000e+00	4.700970179745213029e-01
0.000000000000000000e+00	3.075926770215856587e-01
1.000000000000000000e+00	6.152441732400852903e-01
1.000000000000000000e+00	6.322519047532011438e-01
1.000000000000000000e+00	5.365625572325566361e-01
1.000000000000000000e+00	7.930736835349639913e-01
1.000000000000000000e+00	4.841519741553084732e-01
1.000000000000000000e+00	5.838156315970655097e-01
1.000000000000000000e+00	7.090736376956745524e-01
1.000000000000000000e+00	5.605294121856996270e-01
1.000000000000000000e+00	8.753624720122052949e-01
0.000000000000000000e+00	2.974391065731459352e-02
0.000000000000000000e+00	-4.701392086597683262e-01
1.000000000000000000e+00	1.263622482630394117e+00
1.000000000000000000e+00	9.187735374955970924e-01
1.000000000000000000e+00	5.955728453606893291e-01
0.000000000000000000e+00	-6.504224585157029892e-02
0.000000000000000000e+00	3.180847111869773425e-01
0.000000000000000000e+00	2.669095662170164474e-01
0.000000000000000000e+00	-2.074151492265217250e-02
0.000000000000000000e+00	1.201790697448791578e-01
0.000000000000000000e+00	5.570846296678958476e-01
1.000000000000000000e+00	7.147321966720090458e-01
1.000000000000000000e+00	8.609906595633435300e-01
1.000000000000000000e+00	6.550388380380429698e-01
0.000000000000000000e+00	3.420887578893322400e-01
1.000000000000000000e+00	7.008120688845574930e-01
1.000000000000000000e+00	2.767001874479544932e-01
1.000000000000000000e+00	5.878515372917387793e-01
1.000000000000000000e+00	4.086948435049096995e-01
0.000000000000000000e+00	4.739440278967114728e-01
0.000000000000000000e+00	-1.980826396721706018e-01
1.000000000000000000e+00	1.056526990780249697e+00
1.000000000000000000e+00	4.625648890699056714e-01
0.000000000000000000e+00	5.719855265243731779e-01
0.000000000000000000e+00	3.014237082768140841e-01
0.000000000000000000e+00	-1.458278424080466096e-01
0.000000000000000000e+00	6.977653262084679842e-01
1.000000000000000000e+00	8.319700351259271542e-01
0.000000000000000000e+00	3.876905824743284157e-01
0.000000000000000000e+00	1.830897893024335532e-01
1.000000000000000000e+00	5.060707911892298183e-01
1.000000000000000000e+00	1.245671010307966897e+00
1.000000000000000000e+00	8.578283201902321409e-01
0.000000000000000000e+00	-2.424996800535552111e-01
1.000000000000000000e+00	1.023013329614870459e+00
0.000000000000000000e+00	3.262963007380731417e-01
0.000000000000000000e+00	1.180794403013644689e-01
1.000000000000000000e+00	5.607460192507719432e-01
1.000000000000000000e+00	8.309463024928459562e-01
0.000000000000000000e+00	9.836783470892294934e-02
1.000000000000000000e+00	5.159805947756964661e-01
0.000000000000000000e+00	1.405610091623896163e-02
1.000000000000000000e+00	1.073103868657420357e+00
0.000000000000000000e+00	3.460285964524453806e-01
1.000000000000000000e+00	1.099654607000234874e+00
0.000000000000000000e+00	4.029185944966906519e-01
0.000000000000000000e+00	1.457573818464822646e-01
1.000000000000000000e+00	8.254169775638211526e-01
1.000000000000000000e+00	6.313490902538977378e-01
0.000000000000000000e+00	7.831043882635510545e-02
0.000000000000000000e+00	3.029946952903623258e-01
0.000000000000000000e+00	7.540681208456852247e-02
0.000000000000000000e+00	1.667469433749108332e-01
0.000000000000000000e+00	4.016766851666088156e-01
0.000000000000000000e+00	5.116339799355006379e-01
0.000000000000000000e+00	3.628423957799538635e-01
0.000000000000000000e+00	-1.107421959398676714e-01
0.000000000000000000e+00	2.161521431989214259e-01
1.000000000000000000e+00	1.169004997812093327e+00
0.000000000000000000e+00	8.827156966484607514e-02
0.000000000000000000e+00	4.125187945129287215e-01
0.000000000000000000e+00	2.651221625667417592e-01
1.000000000000000000e+00	8.304987115026760680e-01
0.000000000000000000e+00	1.223952809767163974e-01
1.000000000000000000e+00	5.384312936888820955e-01
1.000000000000000000e+00	6.878646744100060939e-01
0.000000000000000000e+00	2.738286444853085255e-01
0.000000000000000000e+00	-6.904365673239666601e-02
1.000000000000000000e+00	6.699957557516873496e-01
1.000000000000000000e+00	4.657490206779840158e-01
1.000000000000000000e+00	1.022716276018702741e+00
0.000000000000000000e+00	6.377002945156733382e-01
0.000000000000000000e+00	1.955006565382290951e-01
1.000000000000000000e+00	4.126228006180784336e-01
1.000000000000000000e+00	5.029491763787119485e-01
0.000000000000000000e+00	3.843768063908797328e-01
0.000000000000000000e+00	9.589093050036352761e-02
1.000000000000000000e+00	6.141848691933562421e-01
1.000000000000000000e+00	1.171019863379558323e+00
0.000000000000000000e+00	-6.082718206546341294e-02
1.000000000000000000e+00	1.216073811465251397e+00
0.000000000000000000e+00	1.720242117166087270e-01
1.000000000000000000e+00	1.194588388330800388e+00
1.000000000000000000e+00	6.836148038978980823e-01
1.000000000000000000e+00	1.434988795800775208e+00
1.000000000000000000e+00	4.999482105693974221e-01
1.000000000000000000e+00	6.491670943359042489e-01
1.000000000000000000e+00	9.995259176993132044e-01
1.000000000000000000e+00	1.016062016571972482e+00
0.000000000000000000e+00	2.327176672266533519e-01
0.000000000000000000e+00	3.283428600969959810e-01
1.000000000000000000e+00	8.388400889532573457e-01
1.000000000000000000e+00	1.069860243535175170e+00
1.000000000000000000e+00	8.701361164436027806e-01
0.000000000000000000e+00	4.888016820451874800e-01
0.000000000000000000e+00	5.242055568282061317e-01
0.000000000000000000e+00	1.928640220550356665e-01
1.000000000000000000e+00	6.296468539628263805e-01
0.000000000000000000e+00	-1.455503009226236377e-01
0.000000000000000000e+00	4.025765091376780624e-01
0.000000000000000000e+00	1.049391953412479386e-02
0.000000000000000000e+00	3.216403402558588587e-01
0.000000000000000000e+00	5.290429890844573491e-01
0.000000000000000000e+00	1.830623274417325919e-01
1.000000000000000000e+00	9.239496173482889541e-01
0.000000000000000000e+00	4.619668551662863276e-01
1.000000000000000000e+00	9.329241914635991728e-01
1.000000000000000000e+00	7.161377958456526249e-01
1.000000000000000000e+00	6.381013802236230603e-01
0.000000000000000000e+00	-4.827091041297778551e-01
0.000000000000000000e+00	4.560125622587479777e-03
1.000000000000000000e+00	7.335817076829358463e-01
0.000000000000000000e+00	2.258540943027203401e-02
1.000000000000000000e+00	7.572311009857721764e-01
0.000000000000000000e+00	1.196599826948496204e-01
0.000000000000000000e+00	3.271919810828793906e-01
1.000000000000000000e+00	4.534196553488162862e-01
1.000000000000000000e+00	5.459532764030397001e-01
0.000000000000000000e+00	2.437832208658540500e-01
1.000000000000000000e+00	5.443979796474358590e-01
0.000000000000000000e+00	5.488501816139534917e-01
1.000000000000000000e+00	3.853983115565639550e-01
1.000000000000000000e+00	8.329174993574386399e-01
0.000000000000000000e+00	-1.252991789121377098e-01
0.000000000000000000e+00	4.269255661987353956e-01
1.000000000000000000e+00	7.320276119988338159e-01
0.000000000000000000e+00	2.485788699451773054e-01
1.000000000000000000e+00	3.157597741807089964e-01
0.000000000000000000e+00	-1.538359322812955510e-01
0.000000000000000000e+00	1.826054888422865008e-01
0.000000000000000000e+00	5.450336041074417270e-01
1.000000000000000000e+00	6.364230457006483377e-01
1.000000000000000000e+00	8.476046178504594852e-01
0.000000000000000000e+00	-9.399579577745163783e-02
0.000000000000000000e+00	1.950625234129954866e-01
0.000000000000000000e+00	-5.651289595330561966e-01
1.000000000000000000e+00	1.192299171552826387e+00
0.000000000000000000e+00	3.179191859361670813e-01
1.000000000000000000e+00	5.378552261268128021e-01
1.000000000000000000e+00	4.636734055678412014e-01
0.000000000000000000e+00	6.976157820565976886e-01
1.000000000000000000e+00	1.126174560687861703e+00
0.000000000000000000e+00	1.118159157264260323e-01
1.000000000000000000e+00	1.244310714124577943e+00
0.000000000000000000e+00	2.967721273509378865e-01
1.000000000000000000e+00	7.468999491842559513e-01
1.000000000000000000e+00	8.500561610553636349e-01
1.000000000000000000e+00	6.813250715537992885e-01
1.000000000000000000e+00	6.243633830350353575e-01
0.000000000000000000e+00	4.723337291055731968e-01
0.000000000000000000e+00	1.032746352100514936e-01
0.000000000000000000e+00	4.851539610931956403e-01
0.000000000000000000e+00	4.730049524961104507e-02
0.000000000000000000e+00	1.124710221311129021e-01
0.000000000000000000e+00	-3.289887097666241433e-01
1.000000000000000000e+00	8.858897164095916876e-01
1.000000000000000000e+00	1.071153190064366489e+00
1.000000000000000000e+00	7.254560784905873527e-01
0.000000000000000000e+00	4.101935159196783420e-01
0.000000000000000000e+00	2.514253721146597620e-01
1.000000000000000000e+00	6.578064407217710796e-01
0.000000000000000000e+00	2.297039909793666401e-01
0.000000000000000000e+00	5.824959357332148979e-01
1.000000000000000000e+00	9.809355339936055573e-01
0.000000000000000000e+00	4.136562620962840331e-01
1.000000000000000000e+00	6.035788073411681998e-01
0.000000000000000000e+00	5.141094612160294064e-01
0.000000000000000000e+00	-5.534339634584013456e-01
0.000000000000000000e+00	4.002922314060817777e-01
1.000000000000000000e+00	6.968833787947112945e-01
0.000000000000000000e+00	7.312106888292009554e-02
0.000000000000000000e+00	4.893289565668946794e-01
0.000000000000000000e+00	8.716694609400885141e-02
0.000000000000000000e+00	-3.972112912041829147e-01
1.000000000000000000e+00	8.815476010499895265e-01
0.000000000000000000e+00	1.805707430447172496e-02
1.000000000000000000e+00	5.831784696121196099e-01
0.000000000000000000e+00	3.444697954326209621e-01
0.000000000000000000e+00	-2.945343486071526073e-01
0.000000000000000000e+00	2.827967986527356592e-01
0.000000000000000000e+00	-1.740178081401702048e-01
0.000000000000000000e+00	-9.483213550885299936e-02
1.000000000000000000e+00	6.635212750649135405e-01
1.000000000000000000e+00	8.560983462120422827e-01
0.000000000000000000e+00	1.966954238694607615e-01
1.000000000000000000e+00	9.539519846798865110e-01
1.000000000000000000e+00	8.595255843485808400e-01
1.000000000000000000e+00	1.383046072986794162e+00
0.000000000000000000e+00	4.288066634659142840e-01
0.000000000000000000e+00	7.663761035283961354e-02
1.000000000000000000e+00	6.283769926615346835e-01
0.000000000000000000e+00	4.688434078824001427e-01
0.000000000000000000e+00	4.742233519636734895e-02
0.000000000000000000e+00	2.133437220914281007e-01
1.000000000000000000e+00	1.093579784024885315e+00
0.000000000000000000e+00	-1.307556915042510093e-01
1.000000000000000000e+00	9.824317574461258751e-01
1.000000000000000000e+00	7.852192104514387205e-01
1.000000000000000000e+00	5.702276092578277833e-01
1.000000000000000000e+00	6.379393540901340254e-01
0.000000000000000000e+00	5.514613502146944457e-01
0.000000000000000000e+00	3.218845105133120305e-02
0.000000000000000000e+00	2.556698298291660287e-01
1.000000000000000000e+00	7.009599495331271246e-01
1.000000000000000000e+00	9.810167823989833780e-01
0.000000000000000000e+00	2.476450669098653190e-01
0.000000000000000000e+00	-8.713508814683597337e-02
1.000000000000000000e+00	6.730262949798176964e-01
0.000000000000000000e+00	-2.877750156730066178e-01
0.000000000000000000e+00	2.311935224107370956e-01
0.000000000000000000e+00	6.593114884603024084e-02
1.000000000000000000e+00	6.858959595106713936e-01
0.000000000000000000e+00	-5.358886297047370240e-02
1.000000000000000000e+00	9.040092201092798652e-01
0.000000000000000000e+00	8.479086042426582648e-02
0.000000000000000000e+00	3.787966263985004245e-01
0.000000000000000000e+00	2.199830001885234587e-01
1.000000000000000000e+00	1.325348301550637320e+00
0.000000000000000000e+00	-4.717058008285286014e-02
0.000000000000000000e+00	4.557075136670928339e-01
1.000000000000000000e+00	6.820967318237231014e-01
1.000000000000000000e+00	7.042880058563303347e-01
0.000000000000000000e+00	3.700898270728798511e-01
1.000000000000000000e+00	1.178980862156313814e+00
1.000000000000000000e+00	1.396070469756800936e+00
0.000000000000000000e+00	3.532102760578775813e-01
1.000000000000000000e+00	1.236706207297360471e+00
1.000000000000000000e+00	7.745800539586021882e-01
0.000000000000000000e+00	4.352635468433407873e-01
0.000000000000000000e+00	1.900606380069795320e-01
0.000000000000000000e+00	4.953760733516686665e-01
1.000000000000000000e+00	5.152976719679948081e-01
0.000000000000000000e+00	3.267271431621502908e-01
0.000000000000000000e+00	1.987041471794803033e-02
1.000000000000000000e+00	7.111538234231932210e-01
0.000000000000000000e+00	5.921696748388860509e-01
0.000000000000000000e+00	3.802391402946292409e-01
1.000000000000000000e+00	6.869143422726901038e-01
1.000000000000000000e+00	4.218250708035427010e-01
1.000000000000000000e+00	8.004802622682586355e-01
0.000000000000000000e+00	2.339178764483782480e-01
0.000000000000000000e+00	1.748793023132634294e-01
0.000000000000000000e+00	4.997660151732979950e-01
0.000000000000000000e+00	8.576265744711596140e-02
1.000000000000000000e+00	4.839171993713006770e-01
1.000000000000000000e+00	5.709508061252971389e-01
1.000000000000000000e+00	8.879320722628537554e-01
1.000000000000000000e+00	6.791606797272723428e-01
1.000000000000000000e+00	2.979709693131316617e-01
1.000000000000000000e+00	9.786067396995482559e-01
0.000000000000000000e+00	7.223425364241084501e-02
1.000000000000000000e+00	7.194315150350569787e-01
0.000000000000000000e+00	2.394163004212445101e-01
1.000000000000000000e+00	7.895597542033175875e-01
1.000000000000000000e+00	1.283760848132333932e+00
0.000000000000000000e+00	2.652138362314425679e-01
1.000000000000000000e+00	7.026594609953246140e-01
1.000000000000000000e+00	5.957604065631354473e-01
0.000000000000000000e+00	1.056913557634535927e-01
0.000000000000000000e+00	2.491892977269223874e-01
1.000000000000000000e+00	7.806929576745854638e-01
1.000000000000000000e+00	1.146398584405139198e+00
1.000000000000000000e+00	4.271998809627265969e-01
0.000000000000000000e+00	6.068095883547364178e-02
0.000000000000000000e+00	6.053542734480706899e-01
1.000000000000000000e+00	1.338875114934757082e+00
0.000000000000000000e+00	8.355181941595447859e-02
1.000000000000000000e+00	3.193911139430073431e-01
1.000000000000000000e+00	9.299327357087576740e-01
0.000000000000000000e+00	7.497378664062950282e-01
0.000000000000000000e+00	2.636931459090448571e-01
1.000000000000000000e+00	8.533581821043818572e-01
0.000000000000000000e+00	-1.926412590877135400e-01
0.000000000000000000e+00	4.773431500331173916e-01
1.000000000000000000e+00	3.616970303506429896e-01
0.000000000000000000e+00	5.270032122132249919e-01
0.000000000000000000e+00	9.954720574526311205e-01
1.000000000000000000e+00	8.780575287912054661e-01
0.000000000000000000e+00	-6.092706143002298708e-02
1.000000000000000000e+00	6.780588552892810039e-01
1.000000000000000000e+00	6.298535998840325556e-01
1.000000000000000000e+00	1.368499629012019048e+00
1.000000000000000000e+00	2.668369938741549374e-01
1.000000000000000000e+00	6.477665650316466461e-01
0.000000000000000000e+00	-2.819521712543909819e-01
1.000000000000000000e+00	5.015846086440951535e-01
0.000000000000000000e+00	1.575160590920501036e-01
1.000000000000000000e+00	1.049563859541636779e+00
1.000000000000000000e+00	6.591018975427928028e-01
1.000000000000000000e+00	5.468921396870359830e-01
1.000000000000000000e+00	4.898880044158581137e-01
1.000000000000000000e+00	7.920402174362449754e-01
1.000000000000000000e+00	7.536771980243641700e-01
1.000000000000000000e+00	1.092208143097990192e+00
0.000000000000000000e+00	-1.886405538522456238e-01
0.000000000000000000e+00	-3.991346862889428304e-01
1.000000000000000000e+00	1.168113096305578802e+00
0.000000000000000000e+00	7.160634524959634817e-01
1.000000000000000000e+00	8.452145527818561987e-01
1.000000000000000000e+00	6.439222373827383494e-01
1.000000000000000000e+00	5.697034639886412455e-01
0.000000000000000000e+00	3.390920141031510820e-02
1.000000000000000000e+00	9.054620920222135050e-01
1.000000000000000000e+00	5.681185051098819327e-01
0.000000000000000000e+00	3.421212064840174483e-01
1.000000000000000000e+00	9.631987848097451899e-01
0.000000000000000000e+00	1.345895278279214680e-01
1.000000000000000000e+00	7.433904028855892188e-01
0.000000000000000000e+00	3.880778806141262915e-01
0.000000000000000000e+00	3.188296931835721965e-02
1.000000000000000000e+00	8.879922338683741145e-01
0.000000000000000000e+00	2.021096742694089565e-01
0.000000000000000000e+00	4.445974628248440808e-01
0.000000000000000000e+00	5.590346984839458244e-01
1.000000000000000000e+00	1.125212714841994588e+00
1.000000000000000000e+00	6.394186531127585837e-01
1.000000000000000000e+00	1.600112366765940486e+00
1.000000000000000000e+00	9.128334739366134043e-01
0.000000000000000000e+00	3.319558935645676723e-01
1.000000000000000000e+00	9.484139755558330664e-01
1.000000000000000000e+00	9.637976956668978801e-01
0.000000000000000000e+00	3.390074777575948217e-01
1.000000000000000000e+00	5.423983887134036230e-01
1.000000000000000000e+00	9.151909884006925733e-01
1.000000000000000000e+00	4.638520939874816729e-01
0.000000000000000000e+00	2.594023502833976980e-01
0.000000000000000000e+00	2.462474548846060318e-01
0.000000000000000000e+00	4.009069472817514690e-01
1.000000000000000000e+00	6.649740724630370803e-01
0.000000000000000000e+00	1.146534968947281741e-01
0.000000000000000000e+00	2.383151568186778202e-01
1.000000000000000000e+00	1.353654987466638371e+00
0.000000000000000000e+00	4.507259659074024372e-01
0.000000000000000000e+00	3.353051726675047584e-01
1.000000000000000000e+00	6.405976270921138749e-01
1.000000000000000000e+00	5.337458446613378982e-01
1.000000000000000000e+00	8.007994443649287808e-01
1.000000000000000000e+00	1.093212445216528605e+00
1.000000000000000000e+00	7.193254937994464360e-01
1.000000000000000000e+00	4.429342676163058323e-01
1.000000000000000000e+00	8.176352469600670636e-01
1.000000000000000000e+00	8.597649913003129196e-01
0.000000000000000000e+00	3.595933750734925383e-01
1.000000000000000000e+00	1.153882391243971961e+00
1.000000000000000000e+00	4.849587547372111174e-01
1.000000000000000000e+00	1.074180043928899764e+00
1.000000000000000000e+00	1.030938102088742925e+00
0.000000000000000000e+00	3.047838696651781198e-01
1.000000000000000000e+00	9.516917205120031253e-01
1.000000000000000000e+00	9.725178402159015967e-01
0.000000000000000000e+00	1.960713296763594016e-01
1.000000000000000000e+00	7.811200667051894087e-01
0.000000000000000000e+00	2.524839763338351806e-01
0.000000000000000000e+00	3.954425823770388315e-01
0.000000000000000000e+00	-1.430659866760419785e-01
1.000000000000000000e+00	1.510780198213410586e+00
1.000000000000000000e+00	4.588994946230766647e-01
1.000000000000000000e+00	1.126490713174295832e+00
1.000000000000000000e+00	6.067742923758125961e-01
0.000000000000000000e+00	1.979153538006274415e-01
0.000000000000000000e+00	1.243810090224449355e-01
0.000000000000000000e+00	4.010323110624578469e-01
0.000000000000000000e+00	2.558530013646720391e-02
1.000000000000000000e+00	7.451534960572359090e-01
1.000000000000000000e+00	8.678186655365089930e-01
0.000000000000000000e+00	8.627043321110312857e-02
1.000000000000000000e+00	8.130528943965429356e-01
0.000000000000000000e+00	-4.209411571191413182e-01
1.000000000000000000e+00	6.389799945392455882e-01
1.000000000000000000e+00	5.933775208057030515e-01
0.000000000000000000e+00	1.878977837782604687e-01
0.000000000000000000e+00	-5.741213185840523398e-02
0.000000000000000000e+00	5.346247011361956458e-01
1.000000000000000000e+00	1.210242241734073687e+00
1.000000000000000000e+00	5.740462917641565577e-01
1.000000000000000000e+00	5.047045036782537020e-01
1.000000000000000000e+00	1.301557207088488211e+00
0.000000000000000000e+00	3.282313684227563394e-02
1.000000000000000000e+00	4.406576580653563946e-01
1.000000000000000000e+00	4.628217996363748199e-01
0.000000000000000000e+00	5.315000885107903361e-01
1.000000000000000000e+00	7.294721093587340777e-01
1.000000000000000000e+00	9.185806646834022704e-01
1.000000000000000000e+00	9.847394595611128620e-01
0.000000000000000000e+00	-4.280213182919549997e-01
1.000000000000000000e+00	7.104334495277554451e-01
0.000000000000000000e+00	4.027797473472463086e-01
1.000000000000000000e+00	6.132412883085944788e-01
0.000000000000000000e+00	5.849472683372258786e-01
0.000000000000000000e+00	5.322566304413047789e-01
1.000000000000000000e+00	2.610358700683442224e-01
1.000000000000000000e+00	1.083644737992303986e+00
1.000000000000000000e+00	9.253787573216952778e-01
0.000000000000000000e+00	3.953542566235553335e-01
0.000000000000000000e+00	6.160128831385002224e-01
0.000000000000000000e+00	1.604975441272657455e-02
1.000000000000000000e+00	6.544979055775551613e-01
0.000000000000000000e+00	1.989801035877273860e-01
0.000000000000000000e+00	4.224324361497011071e-01
1.000000000000000000e+00	8.767487372178360827e-01
1.000000000000000000e+00	5.311709076257752349e-01
0.000000000000000000e+00	1.006313857498135900e-01
1.000000000000000000e+00	8.642973192174895347e-01
1.000000000000000000e+00	1.127496285438081447e+00
0.000000000000000000e+00	3.644502068082160484e-01
0.000000000000000000e+00	1.168820525976405900e-01
1.000000000000000000e+00	6.764628990454781832e-01
1.000000000000000000e+00	8.258962200043625801e-01
0.000000000000000000e+00	5.623531215618805534e-01
1.000000000000000000e+00	7.412655091230579973e-01
0.000000000000000000e+00	3.106565622363740009e-01
1.000000000000000000e+00	8.254743158133410752e-01
0.000000000000000000e+00	3.562519436450034549e-01
0.000000000000000000e+00	7.366614478792314624e-02
0.000000000000000000e+00	5.355704817402727747e-01
1.000000000000000000e+00	7.560164533919240260e-01
1.000000000000000000e+00	9.047343860340525401e-01
1.000000000000000000e+00	8.584669706880166951e-01
1.000000000000000000e+00	5.884359965347779609e-01
0.000000000000000000e+00	4.078055023114047772e-01
1.000000000000000000e+00	9.643326648789853905e-01
1.000000000000000000e+00	8.065343644472121598e-01
1.000000000000000000e+00	8.018832869967069676e-01
0.000000000000000000e+00	3.879781283764217603e-01
1.000000000000000000e+00	4.261726628216318535e-01
0.000000000000000000e+00	2.299405256522103758e-01
0.000000000000000000e+00	8.271917172478630842e-02
1.000000000000000000e+00	8.684616827823975482e-01
0.000000000000000000e+00	3.131629750262241996e-01
1.000000000000000000e+00	6.395307319844786287e-01
1.000000000000000000e+00	5.587639244132337479e-01
0.000000000000000000e+00	1.325009426265476992e-02
1.000000000000000000e+00	8.149339846581579172e-01
0.000000000000000000e+00	4.136053696253877421e-01
0.000000000000000000e+00	3.681473129921362664e-01
1.000000000000000000e+00	6.824067392953333533e-01
1.000000000000000000e+00	6.076357147907545109e-01
1.000000000000000000e+00	1.151673768946258614e+00
1.000000000000000000e+00	1.028792938785509259e+00
0.000000000000000000e+00	6.423683719274232429e-01
1.000000000000000000e+00	8.952147344704283194e-01
0.000000000000000000e+00	4.125944095863787742e-01
0.000000000000000000e+00	2.103651097329686109e-02
1.000000000000000000e+00	1.575365263917363423e+00
0.000000000000000000e+00	9.817837962084323411e-02
1.000000000000000000e+00	6.298059213947312385e-01
0.000000000000000000e+00	1.564879736351255379e-01
0.000000000000000000e+00	2.878062369982319901e-01
0.000000000000000000e+00	1.824139085955745476e-01
0.000000000000000000e+00	1.063406815973308162e-01
1.000000000000000000e+00	8.680350879901237438e-01
1.000000000000000000e+00	8.517761210328785859e-01
0.000000000000000000e+00	-1.613628555253259766e-01
0.000000000000000000e+00	2.817860190103315121e-01
0.000000000000000000e+00	1.001300473065471902e-01
0.000000000000000000e+00	2.562406212645466641e-01
0.000000000000000000e+00	-2.597137817583746733e-01
0.000000000000000000e+00	6.355338338393773379e-01
1.000000000000000000e+00	4.556998625513592471e-01
0.000000000000000000e+00	-6.024287460306194247e-02
0.000000000000000000e+00	1.665671168140658298e-01
1.000000000000000000e+00	8.895248532227971738e-01
0.000000000000000000e+00	5.084213516764499730e-01
1.000000000000000000e+00	8.029266160966052057e-01
1.000000000000000000e+00	8.170441331361274484e-01
1.000000000000000000e+00	1.618282765701681614e+00
1.000000000000000000e+00	1.072177091448300645e+00
1.000000000000000000e+00	5.931401268361365942e-01
1.000000000000000000e+00	8.742677226025115100e-01
1.000000000000000000e+00	4.389080435661766866e-01
0.000000000000000000e+00	4.849086563719158804e-01
1.000000000000000000e+00	1.249796969521075551e+00
1.000000000000000000e+00	5.356508022030557203e-01
1.000000000000000000e+00	5.187955730255850995e-01
1.000000000000000000e+00	1.016181351518389508e+00
0.000000000000000000e+00	4.760637463347268117e-01
1.000000000000000000e+00	1.093886485215218363e+00
1.000000000000000000e+00	5.959821282862335368e-01
0.000000000000000000e+00	5.392489131543095615e-01
0.000000000000000000e+00	3.046649908960157860e-01
0.000000000000000000e+00	1.458432894855100637e-01
1.000000000000000000e+00	7.325232892189533773e-01
1.000000000000000000e+00	6.643405006319473838e-01
1.000000000000000000e+00	9.449388710412679471e-01
1.000000000000000000e+00	4.907627454638700537e-01
0.000000000000000000e+00	-5.447066343613407580e-02
1.000000000000000000e+00	9.077726654014901531e-01
1.000000000000000000e+00	3.934385638011143049e-01
0.000000000000000000e+00	3.955174851856450569e-01
0.000000000000000000e+00	4.630179937593860151e-01
1.000000000000000000e+00	5.841059750226760272e-01
0.000000000000000000e+00	1.071462026358445674e-01
0.000000000000000000e+00	-2.475427993899304846e-01
1.000000000000000000e+00	7.658638900954344297e-01
0.000000000000000000e+00	1.812549995628282284e-01
1.000000000000000000e+00	7.847469654060390543e-01
0.000000000000000000e+00	3.119095950297245956e-01
1.000000000000000000e+00	2.907064033375429402e-01
1.000000000000000000e+00	6.898609411534394331e-01
0.000000000000000000e+00	1.810164195063674875e-01
1.000000000000000000e+00	8.013422309961395484e-01
1.000000000000000000e+00	8.821055172253795540e-01
0.000000000000000000e+00	4.320185145540750282e-01
0.000000000000000000e+00	1.258303286012103957e-02
1.000000000000000000e+00	1.349653439635124075e+00
1.000000000000000000e+00	6.180436112193282705e-01
1.000000000000000000e+00	7.744660481839434896e-01
1.000000000000000000e+00	1.301009017130295931e+00
0.000000000000000000e+00	1.181302329593680311e-01
0.000000000000000000e+00	-7.366725836655260880e-03
1.000000000000000000e+00	5.962122925090490577e-01
1.000000000000000000e+00	6.359549921311925536e-01
0.000000000000000000e+00	3.195129221563954847e-01
1.000000000000000000e+00	1.234034128320775192e+00
0.000000000000000000e+00	1.108513005155688236e-01
0.000000000000000000e+00	-1.037965817206464025e-01
0.000000000000000000e+00	5.090701807746244034e-01
0.000000000000000000e+00	5.564440080392953902e-01
0.000000000000000000e+00	1.634248764142931520e-01
0.000000000000000000e+00	3.715153069701886968e-01
0.000000000000000000e+00	5.234910467433514514e-01
0.000000000000000000e+00	6.155231321020764312e-01
0.000000000000000000e+00	6.010321428854215053e-01
1.000000000000000000e+00	9.696727126213188219e-01
0.000000000000000000e+00	1.086620150098111109e-01
1.000000000000000000e+00	1.161288928626196926e+00
0.000000000000000000e+00	-3.501523044870222257e-01
0.000000000000000000e+00	2.179361687475797615e-01
0.000000000000000000e+00	2.169093643503550994e-01
1.000000000000000000e+00	7.587016738684267958e-01
1.000000000000000000e+00	6.176371124658730505e-01
1.000000000000000000e+00	8.853451300203983854e-01
0.000000000000000000e+00	4.281901731180544624e-01
1.000000000000000000e+00	3.824168389431982229e-01
0.000000000000000000e+00	2.639541971960169264e-01
0.000000000000000000e+00	2.119924435290750087e-02
1.000000000000000000e+00	1.067396104107715127e+00
0.000000000000000000e+00	3.295694122889022970e-01
0.000000000000000000e+00	-3.902459146150235592e-01
1.000000000000000000e+00	4.371716416591031606e-01
0.000000000000000000e+00	3.952621052507528931e-01
1.000000000000000000e+00	4.945716216598126103e-01
1.000000000000000000e+00	8.087307751580137261e-01
0.000000000000000000e+00	3.586763187525039420e-01
1.000000000000000000e+00	1.135247549256326982e+00
0.000000000000000000e+00	4.956193771999793385e-01
1.000000000000000000e+00	6.128235984776441159e-01
1.000000000000000000e+00	9.739827022184878169e-01
0.000000000000000000e+00	7.128201120625370091e-02
1.000000000000000000e+00	5.359581564091089323e-01
0.000000000000000000e+00	4.126707586909653114e-01
1.000000000000000000e+00	4.766525221471072937e-01
1.000000000000000000e+00	5.759333100440967579e-01
1.000000000000000000e+00	1.500959183908935568e+00
0.000000000000000000e+00	3.945387554838203359e-01
1.000000000000000000e+00	1.249697232449732187e+00
0.000000000000000000e+00	-1.502742039372197413e-01
0.000000000000000000e+00	6.031283282272263957e-01
1.000000000000000000e+00	4.050877915790738748e-01
0.000000000000000000e+00	4.806592436982967675e-01
1.000000000000000000e+00	1.237465807596809686e+00
0.000000000000000000e+00	1.882297496305565185e-02
0.000000000000000000e+00	4.732702246423083348e-01
1.000000000000000000e+00	1.063811032730487716e+00
0.000000000000000000e+00	5.656301152642426722e-01
1.000000000000000000e+00	9.356810076218120553e-01
1.000000000000000000e+00	6.017335834311564602e-01
1.000000000000000000e+00	7.201572422774518145e-01
0.000000000000000000e+00	4.016001981304424540e-01
1.000000000000000000e+00	7.028575092350624054e-01
1.000000000000000000e+00	6.859518548484733191e-01
1.000000000000000000e+00	8.444582331675895004e-01
0.000000000000000000e+00	1.586424686228498915e-01
1.000000000000000000e+00	1.146376363716936853e+00
0.000000000000000000e+00	-3.249290267068765704e-03
1.000000000000000000e+00	7.095882476188574151e-01
0.000000000000000000e+00	1.385297944433988016e-01
1.000000000000000000e+00	8.879026934891313116e-01
1.000000000000000000e+00	1.287099972971088135e+00
1.000000000000000000e+00	6.894601828414602673e-01
0.000000000000000000e+00	3.130539416726580981e-01
1.000000000000000000e+00	5.331773882006287657e-01
0.000000000000000000e+00	1.924728789496739645e-01
0.000000000000000000e+00	2.943197098834036685e-01
0.000000000000000000e+00	1.060539754940392071e-01
1.000000000000000000e+00	6.723352610890372949e-01
1.000000000000000000e+00	9.728558189694269664e-01
0.000000000000000000e+00	1.898757232238318660e-01
1.000000000000000000e+00	1.160497311500112483e+00
1.000000000000000000e+00	8.072356832869227450e-01
0.000000000000000000e+00	5.298430006522070190e-01
1.000000000000000000e+00	1.102667198264881465e+00
0.000000000000000000e+00	1.832189227624314298e-01
1.000000000000000000e+00	1.169784224190980604e+00
1.000000000000000000e+00	1.160301866379817914e+00
1.000000000000000000e+00	1.306443000246316100e+00
1.000000000000000000e+00	5.402618677994812657e-01
1.000000000000000000e+00	6.514290633513576401e-01
1.000000000000000000e+00	4.575078577575343863e-01
1.000000000000000000e+00	1.229697183963650353e+00
1.000000000000000000e+00	9.196895839296345132e-01
1.000000000000000000e+00	6.162431146716076391e-01
1.000000000000000000e+00	8.746188834205804730e-01
0.000000000000000000e+00	4.522929144731836493e-01
1.000000000000000000e+00	8.076510694523248990e-01
0.000000000000000000e+00	5.885176847531963240e-01
0.000000000000000000e+00	4.249837081108469028e-01
0.000000000000000000e+00	-7.799484573986026348e-01
0.000000000000000000e+00	3.200086282195920284e-01
