1.000000000000000000e+00	9.260348729075341678e-01
1.000000000000000000e+00	6.655345543271979913e-01
0.000000000000000000e+00	-1.378076296607187723e-01
1.000000000000000000e+00	4.971144691396445214e-01
0.000000000000000000e+00	-4.775727241644259213e-02
0.000000000000000000e+00	4.335802134427502730e-01
0.000000000000000000e+00	5.231503243894436439e-01
1.000000000000000000e+00	3.281802177778337937e-01
1.000000000000000000e+00	7.021734904897173335e-01
1.000000000000000000e+00	5.174424324187206770e-01
0.000000000000000000e+00	1.290259105385795357e-01
0.000000000000000000e+00	3.004251199493260804e-01
0.000000000000000000e+00	2.899580452152923926e-01
1.000000000000000000e+00	3.754913981755450547e-01
1.000000000000000000e+00	1.909670620223202775e-01
0.000000000000000000e+00	2.165047455647647612e-01
1.000000000000000000e+00	9.459301481170758752e-01
1.000000000000000000e+00	8.843642559488562593e-01
0.000000000000000000e+00	-5.859482332472810695e-01
1.000000000000000000e+00	7.350848605766718835e-01
0.000000000000000000e+00	8.848895909071247123e-02
0.000000000000000000e+00	2.572478784166282728e-01
1.000000000000000000e+00	1.029702149678322742e+00
0.000000000000000000e+00	5.621314123179486089e-01
0.000000000000000000e+00	-2.417956438074292946e-01
0.000000000000000000e+00	1.342347356691822868e-01
1.000000000000000000e+00	7.127104418265522989e-01
0.000000000000000000e+00	-8.602506252436378786e-02
1.000000000000000000e+00	1.232854398127478657e+00
1.000000000000000000e+00	7.392009266731718320e-01
1.000000000000000000e+00	7.405286999564906214e-01
0.000000000000000000e+00	-1.986132904057037463e-01
1.000000000000000000e+00	8.412311660642205480e-01
1.000000000000000000e+00	8.283173234108440752e-01
1.000000000000000000e+00	7.885654270692834533e-01
1.000000000000000000e+00	3.757705859681835792e-01
1.000000000000000000e+00	6.278399233903919630e-01
1.000000000000000000e+00	9.246396340036586725e-01
0.000000000000000000e+00	1.286024709593527604e-01
1.000000000000000000e+00	4.234679047571782151e-01
1.000000000000000000e+00	1.225229406483041794e+00
1.000000000000000000e+00	6.400861993815609718e-01
1.000000000000000000e+00	8.110152945473988462e-01
0.000000000000000000e+00	2.968206663515052801e-01
0.000000000000000000e+00	1.556355068752568738e-01
0.000000000000000000e+00	5.055385552282645190e-01
1.000000000000000000e+00	1.228900531782094463e+00
0.000000000000000000e+00	-1.213139788782640893e-01
1.000000000000000000e+00	6.934950019712763369e-01
1.000000000000000000e+00	9.957863984784843803e-01
1.000000000000000000e+00	6.591357919866580595e-01
0.000000000000000000e+00	2.372716793562212600e-01
0.000000000000000000e+00	4.525641925028355828e-01
0.000000000000000000e+00	6.332057327829292426e-01
0.000000000000000000e+00	5.154909696817326914e-01
1.000000000000000000e+00	1.071452037047427863e+00
0.000000000000000000e+00	4.632693984587039071e-01
1.000000000000000000e+00	8.160294437665845946e-01
1.000000000000000000e+00	1.281584677799653571e+00
1.000000000000000000e+00	1.065066624089486824e-01
1.000000000000000000e+00	1.538523951140009283e+00
1.000000000000000000e+00	6.054503433092539577e-01
0.000000000000000000e+00	-3.074423884930998357e-02
1.000000000000000000e+00	1.034284475686137572e+00
1.000000000000000000e+00	7.479532860813903339e-01
0.000000000000000000e+00	2.742086749255113337e-02
0.000000000000000000e+00	-3.097652940516856246e-01
0.000000000000000000e+00	5.842540228440521455e-01
0.000000000000000000e+00	-2.583205484281718700e-01
0.000000000000000000e+00	1.989819677003158704e-01
1.000000000000000000e+00	4.731964297155192845e-01
0.000000000000000000e+00	-1.443732336328511778e-01
1.000000000000000000e+00	5.077593352548345207e-01
1.000000000000000000e+00	6.682078898349180784e-01
0.000000000000000000e+00	1.904181029928385394e-02
1.000000000000000000e+00	6.844939440654173035e-01
0.000000000000000000e+00	-3.011090301536331615e-01
1.000000000000000000e+00	6.442653184202183914e-01
0.000000000000000000e+00	1.019763808929687876e-01
0.000000000000000000e+00	-1.017370804470554835e-01
0.000000000000000000e+00	2.938603136970906471e-01
1.000000000000000000e+00	1.191240890925227891e+00
0.000000000000000000e+00	-3.233234183443465387e-02
0.000000000000000000e+00	-5.725717273652213696e-02
1.000000000000000000e+00	8.016138052861918606e-01
0.000000000000000000e+00	-1.525986369320610214e-01
0.000000000000000000e+00	5.880217036674623143e-01
0.000000000000000000e+00	-3.682623190381293515e-02
0.000000000000000000e+00	-1.443783395751652987e-01
0.000000000000000000e+00	1.992960476568664818e-01
0.000000000000000000e+00	4.054690367225675662e-01
0.000000000000000000e+00	2.072515938286547121e-01
0.000000000000000000e+00	2.694481103978275671e-01
0.000000000000000000e+00	5.092380987476605725e-01
0.000000000000000000e+00	1.542123704286272323e-01
1.000000000000000000e+00	7.169285004695299390e-01
1.000000000000000000e+00	6.731628494740344859e-01
0.000000000000000000e+00	1.518156972472626751e-02
0.000000000000000000e+00	6.728258248098691052e-02
0.000000000000000000e+00	1.889984915902530593e-01
0.000000000000000000e+00	-5.648821944212623070e-02
1.000000000000000000e+00	1.207398846664781145e+00
1.000000000000000000e+00	9.360797494892861836e-01
1.000000000000000000e+00	8.228924628396944163e-01
1.000000000000000000e+00	1.141499268080635510e+00
1.000000000000000000e+00	6.065158998270889779e-01
1.000000000000000000e+00	5.843514876943339820e-01
0.000000000000000000e+00	3.233042867739138182e-01
1.000000000000000000e+00	8.686156988454177830e-01
1.000000000000000000e+00	6.164614818690228315e-01
1.000000000000000000e+00	6.929866425824851017e-01
0.000000000000000000e+00	2.290652192249044705e-01
0.000000000000000000e+00	1.884049640461263331e-01
1.000000000000000000e+00	6.823995510177918167e-01
1.000000000000000000e+00	6.785369179111147009e-01
1.000000000000000000e+00	9.653089569290492777e-01
0.000000000000000000e+00	5.071812357364459123e-01
1.000000000000000000e+00	9.265668654079098898e-01
0.000000000000000000e+00	4.896756412613614273e-01
0.000000000000000000e+00	3.486448505895331507e-01
1.000000000000000000e+00	1.241038360857089184e+00
0.000000000000000000e+00	5.438042821163884266e-01
1.000000000000000000e+00	6.415032329781336085e-01
1.000000000000000000e+00	9.076836609791320010e-01
0.000000000000000000e+00	-3.870261258296040646e-02
1.000000000000000000e+00	1.199584613095430630e+00
1.000000000000000000e+00	4.947170152479101191e-01
0.000000000000000000e+00	2.273644739355913658e-01
0.000000000000000000e+00	-1.040635286358147227e-01
1.000000000000000000e+00	6.116351559027543017e-01
0.000000000000000000e+00	5.970456989456495167e-01
0.000000000000000000e+00	5.980433099306931011e-01
0.000000000000000000e+00	-2.438600680201871707e-01
0.000000000000000000e+00	4.178204343949047939e-01
0.000000000000000000e+00	1.560051808059062170e-02
0.000000000000000000e+00	-2.130285015860844400e-01
0.000000000000000000e+00	5.018759126836249695e-01
1.000000000000000000e+00	9.042784611461948119e-01
1.000000000000000000e+00	6.052480673759488283e-01
0.000000000000000000e+00	6.147016630621203737e-01
1.000000000000000000e+00	4.873253386062815773e-01
0.000000000000000000e+00	-1.908950043552451459e-02
0.000000000000000000e+00	5.105565279926023159e-01
0.000000000000000000e+00	5.401695232516126044e-01
0.000000000000000000e+00	2.380206129385281366e-01
0.000000000000000000e+00	2.056295640267327973e-01
1.000000000000000000e+00	7.078066528528721424e-01
1.000000000000000000e+00	5.203155476856352601e-01
1.000000000000000000e+00	8.298770601128648838e-01
1.000000000000000000e+00	6.271274244125152331e-01
1.000000000000000000e+00	4.409202276169397194e-01
1.000000000000000000e+00	9.920073442542990394e-01
1.000000000000000000e+00	9.002460314215946502e-01
0.000000000000000000e+00	3.185444293786671710e-01
1.000000000000000000e+00	6.447925361374778896e-01
0.000000000000000000e+00	5.114551482358354884e-01
0.000000000000000000e+00	2.095979064366496614e-01
0.000000000000000000e+00	1.288690677257504913e-01
1.000000000000000000e+00	1.167793315988514768e+00
0.000000000000000000e+00	-2.032585489712981919e-01
0.000000000000000000e+00	3.790632492042700918e-01
0.000000000000000000e+00	2.810316288338104429e-01
1.000000000000000000e+00	8.497177910556746872e-01
0.000000000000000000e+00	2.684501646074726189e-01
0.000000000000000000e+00	4.584393322557244188e-01
1.000000000000000000e+00	8.700281614680288600e-01
1.000000000000000000e+00	5.236696049709372858e-01
0.000000000000000000e+00	3.601902777679056866e-01
1.000000000000000000e+00	7.806740744736727633e-01
1.000000000000000000e+00	1.096032302216439547e+00
0.000000000000000000e+00	3.723357771123058102e-01
0.000000000000000000e+00	8.182247447931889628e-01
1.000000000000000000e+00	4.267275494499086497e-01
0.000000000000000000e+00	3.235633324846353687e-01
1.000000000000000000e+00	3.954832174106769904e-01
0.000000000000000000e+00	3.569905957522396811e-01
0.000000000000000000e+00	3.094086890544856527e-01
0.000000000000000000e+00	3.187101477410795303e-01
0.000000000000000000e+00	2.937810445148916760e-01
1.000000000000000000e+00	8.821214074968178886e-01
0.000000000000000000e+00	3.444500487742850336e-01
1.000000000000000000e+00	5.011920390815151061e-01
1.000000000000000000e+00	7.866904347374725770e-01
1.000000000000000000e+00	1.541105524046101571e+00
1.000000000000000000e+00	3.472884612096724943e-01
0.000000000000000000e+00	4.763907064853447060e-01
0.000000000000000000e+00	5.648230020392790429e-01
1.000000000000000000e+00	1.323363285324248517e+00
1.000000000000000000e+00	5.981288705877858547e-01
0.000000000000000000e+00	5.975647572067408486e-01
0.000000000000000000e+00	4.243148384515508242e-01
1.000000000000000000e+00	8.264471263692362291e-01
0.000000000000000000e+00	4.124630547326617602e-01
0.000000000000000000e+00	1.603356068028765347e-01
1.000000000000000000e+00	6.003716192566544985e-01
1.000000000000000000e+00	9.800636031879582655e-01
1.000000000000000000e+00	1.197376372469189709e+00
0.000000000000000000e+00	3.236284307633664481e-01
1.000000000000000000e+00	6.282146191475783681e-01
0.000000000000000000e+00	3.520913866829680217e-01
0.000000000000000000e+00	6.251881730860551212e-01
1.000000000000000000e+00	8.550097529652521677e-01
1.000000000000000000e+00	1.040714659715925805e+00
1.000000000000000000e+00	7.943893678057749597e-01
1.000000000000000000e+00	6.358187292223245191e-01
0.000000000000000000e+00	2.689312931711667076e-01
1.000000000000000000e+00	5.852872232333724556e-01
1.000000000000000000e+00	2.789476296788842569e-01
0.000000000000000000e+00	7.172838794571130272e-01
1.000000000000000000e+00	9.416054570735400420e-01
0.000000000000000000e+00	-9.321505265419856301e-02
1.000000000000000000e+00	9.071607728387408587e-01
0.000000000000000000e+00	-1.519008061019719857e-01
0.000000000000000000e+00	2.480102296283888119e-01
1.000000000000000000e+00	7.211695337514725246e-01
1.000000000000000000e+00	1.122556523460141120e+00
1.000000000000000000e+00	7.174696718185459288e-01
0.000000000000000000e+00	3.932412778924450070e-01
1.000000000000000000e+00	9.423121496858968271e-01
0.000000000000000000e+00	-4.405764057678306922e-01
1.000000000000000000e+00	3.596431896089675728e-01
1.000000000000000000e+00	1.056928354325395114e+00
1.000000000000000000e+00	8.625336684516511365e-01
0.000000000000000000e+00	1.956620098530106044e-01
1.000000000000000000e+00	1.057001412452051481e+00
1.000000000000000000e+00	9.836798381930659252e-01
0.000000000000000000e+00	2.342462227821942022e-01
1.000000000000000000e+00	9.026999483788505918e-01
0.000000000000000000e+00	4.612566166715417748e-01
0.000000000000000000e+00	7.210132329813165875e-01
1.000000000000000000e+00	8.052743998675701009e-01
1.000000000000000000e+00	6.437810648394480806e-01
0.000000000000000000e+00	3.874547242984829887e-01
0.000000000000000000e+00	2.946547675733859339e-01
1.000000000000000000e+00	1.071556528024286692e+00
1.000000000000000000e+00	6.858977051098522626e-01
0.000000000000000000e+00	5.011507923368538897e-01
1.000000000000000000e+00	8.002198541260781006e-01
0.000000000000000000e+00	3.567913310131582971e-01
1.000000000000000000e+00	1.075753066826033333e+00
1.000000000000000000e+00	1.139749826262818511e+00
0.000000000000000000e+00	4.525801079457619780e-01
0.000000000000000000e+00	1.902338260676889881e-01
1.000000000000000000e+00	1.657729518795781010e+00
1.000000000000000000e+00	3.168236793143540675e-01
1.000000000000000000e+00	6.838992815850696294e-01
0.000000000000000000e+00	4.972892482444151163e-01
1.000000000000000000e+00	1.605990403206517314e+00
1.000000000000000000e+00	4.992078362920076007e-01
1.000000000000000000e+00	9.205150025256001456e-01
1.000000000000000000e+00	1.031632424500891876e+00
1.000000000000000000e+00	7.132507511658198185e-01
0.000000000000000000e+00	2.628278448306951842e-03
1.000000000000000000e+00	8.184572293225454986e-01
0.000000000000000000e+00	1.302594090799666093e-01
1.000000000000000000e+00	8.294483339628896390e-01
0.000000000000000000e+00	-4.150677017075126152e-01
0.000000000000000000e+00	-5.861572938203458982e-02
1.000000000000000000e+00	1.055426165469250055e+00
1.000000000000000000e+00	5.452155580971657090e-01
0.000000000000000000e+00	5.385526436484847634e-01
1.000000000000000000e+00	5.535367473120571535e-01
0.000000000000000000e+00	4.085272862454832343e-01
1.000000000000000000e+00	1.235861208438308712e+00
0.000000000000000000e+00	4.547440803875471005e-01
0.000000000000000000e+00	2.958217829365651363e-01
1.000000000000000000e+00	2.255158648392203979e-01
1.000000000000000000e+00	7.408204394878206145e-01
0.000000000000000000e+00	1.234451485733479431e-01
1.000000000000000000e+00	8.882932561848323472e-01
1.000000000000000000e+00	1.352876685517791611e+00
1.000000000000000000e+00	9.267150717311242181e-01
0.000000000000000000e+00	7.364996458919020883e-01
1.000000000000000000e+00	7.362018623153402386e-01
1.000000000000000000e+00	1.626004065632654927e-01
0.000000000000000000e+00	5.995895143608162003e-01
1.000000000000000000e+00	1.383942567709323557e+00
1.000000000000000000e+00	8.968494254018866130e-01
1.000000000000000000e+00	1.031469346899008155e+00
0.000000000000000000e+00	5.940770297387453214e-01
0.000000000000000000e+00	1.668918918929101214e-01
1.000000000000000000e+00	8.834555223813910230e-01
1.000000000000000000e+00	9.632829146976806811e-01
0.000000000000000000e+00	-4.744124855040009470e-01
1.000000000000000000e+00	3.026726511847074863e-01
1.000000000000000000e+00	9.795205353746523347e-01
1.000000000000000000e+00	9.922597015818863664e-01
1.000000000000000000e+00	8.156704690706675365e-01
0.000000000000000000e+00	7.823412259778634859e-01
0.000000000000000000e+00	-1.202583397907652091e-01
1.000000000000000000e+00	1.565521183190087262e+00
1.000000000000000000e+00	5.238547751128170837e-01
1.000000000000000000e+00	7.383011996133919119e-01
1.000000000000000000e+00	6.087820549041442764e-01
1.000000000000000000e+00	1.210639280061142964e+00
1.000000000000000000e+00	1.025664127912618850e+00
0.000000000000000000e+00	6.095485122914747755e-01
0.000000000000000000e+00	2.675033663045948140e-01
0.000000000000000000e+00	4.054136025037559377e-02
1.000000000000000000e+00	5.232914093175689008e-01
1.000000000000000000e+00	5.572546245984747459e-01
0.000000000000000000e+00	6.202871980930193541e-01
0.000000000000000000e+00	6.554614875151849700e-03
0.000000000000000000e+00	-8.389279226502091569e-02
0.000000000000000000e+00	6.405693067481270653e-01
0.000000000000000000e+00	5.532563519914263095e-01
0.000000000000000000e+00	7.293573482319430923e-01
0.000000000000000000e+00	2.948037190393123369e-02
0.000000000000000000e+00	1.754983964656261775e-01
0.000000000000000000e+00	-1.418234052738266866e-03
0.000000000000000000e+00	1.659444974167454956e-01
0.000000000000000000e+00	6.649560910794587443e-01
0.000000000000000000e+00	1.849210869437805660e-01
0.000000000000000000e+00	1.101376204344177434e-01
1.000000000000000000e+00	9.799709603600988972e-01
0.000000000000000000e+00	-1.016147377292244830e-01
1.000000000000000000e+00	6.598791350983927995e-01
1.000000000000000000e+00	5.599743521922152523e-01
1.000000000000000000e+00	9.653914434552283153e-01
0.000000000000000000e+00	4.877150270828713996e-01
0.000000000000000000e+00	3.201596002711102340e-01
0.000000000000000000e+00	1.580364805815672735e-01
0.000000000000000000e+00	4.663571010847890608e-01
0.000000000000000000e+00	4.595532707791495364e-01
0.000000000000000000e+00	4.629200636277153169e-01
0.000000000000000000e+00	2.077821375007539995e-01
1.000000000000000000e+00	1.576554234320409087e+00
0.000000000000000000e+00	-1.912669738165806155e-01
1.000000000000000000e+00	7.047335740987737962e-01
0.000000000000000000e+00	7.547462602675839016e-02
1.000000000000000000e+00	3.828988788038859559e-01
1.000000000000000000e+00	9.179036610135615781e-01
0.000000000000000000e+00	7.793346723523677522e-01
1.000000000000000000e+00	5.834301205597371975e-01
1.000000000000000000e+00	1.236165623662085267e+00
1.000000000000000000e+00	7.875848076827727251e-01
0.000000000000000000e+00	4.220374948189671294e-01
1.000000000000000000e+00	9.187273320277937749e-01
1.000000000000000000e+00	1.068038666328963826e+00
0.000000000000000000e+00	-2.013542866117402907e-01
0.000000000000000000e+00	1.122883105226506473e-01
1.000000000000000000e+00	1.163381497074486015e+00
1.000000000000000000e+00	8.229006389011479516e-01
1.000000000000000000e+00	1.099427256441667611e+00
1.000000000000000000e+00	2.592065464382865003e-01
0.000000000000000000e+00	1.315404069261259801e-01
0.000000000000000000e+00	1.202363333951001097e-02
1.000000000000000000e+00	6.790128181931920359e-01
0.000000000000000000e+00	1.801761706955085363e-01
1.000000000000000000e+00	1.113601410389883917e+00
0.000000000000000000e+00	2.271931662204804414e-01
1.000000000000000000e+00	8.572249927329267383e-01
1.000000000000000000e+00	3.486760137519362979e-01
1.000000000000000000e+00	6.177969801731501009e-01
1.000000000000000000e+00	9.113493124537498380e-01
1.000000000000000000e+00	1.286540849716161894e+00
1.000000000000000000e+00	8.979872897112628483e-01
1.000000000000000000e+00	9.575319153267668471e-01
0.000000000000000000e+00	1.402264201299873170e-01
1.000000000000000000e+00	1.136433734795403216e+00
0.000000000000000000e+00	2.416056733023823899e-01
1.000000000000000000e+00	6.237850110591128816e-01
0.000000000000000000e+00	3.167784999521632283e-01
1.000000000000000000e+00	2.210595038881136010e-01
0.000000000000000000e+00	6.484048191392054461e-01
1.000000000000000000e+00	6.456248722407360585e-01
0.000000000000000000e+00	2.872715881848794672e-01
1.000000000000000000e+00	6.258850753528431010e-01
0.000000000000000000e+00	-2.642724654069543710e-01
1.000000000000000000e+00	6.284690908827583744e-01
0.000000000000000000e+00	3.989473156781394025e-01
0.000000000000000000e+00	3.400341292273192373e-01
0.000000000000000000e+00	-1.088484376500001155e-01
1.000000000000000000e+00	7.702825059869833346e-01
1.000000000000000000e+00	5.766301690915976996e-01
1.000000000000000000e+00	7.905995925186940498e-01
1.000000000000000000e+00	6.950304580038251245e-01
0.000000000000000000e+00	-1.069939493318734225e-01
0.000000000000000000e+00	7.892147567478148551e-02
1.000000000000000000e+00	6.128288650189018805e-01
0.000000000000000000e+00	4.239154680097689809e-01
0.000000000000000000e+00	5.959262701921432814e-01
1.000000000000000000e+00	5.511099320826281511e-01
1.000000000000000000e+00	6.922383076138106661e-01
1.000000000000000000e+00	6.619630844302304418e-01
1.000000000000000000e+00	8.142163099177660568e-01
1.000000000000000000e+00	4.547086038961445364e-01
1.000000000000000000e+00	6.376187485122215559e-01
1.000000000000000000e+00	7.183498619694725917e-01
1.000000000000000000e+00	4.094045104289668613e-01
1.000000000000000000e+00	7.520105207736228481e-01
0.000000000000000000e+00	-3.556407333569647777e-01
0.000000000000000000e+00	-4.685555426351251662e-01
1.000000000000000000e+00	1.326048181876681165e+00
1.000000000000000000e+00	8.574511718955942774e-01
1.000000000000000000e+00	8.378876576802187781e-01
0.000000000000000000e+00	7.132334904679719922e-02
0.000000000000000000e+00	4.259033780712782047e-01
0.000000000000000000e+00	6.772014707818307944e-02
0.000000000000000000e+00	-1.050096427145091188e-01
0.000000000000000000e+00	3.526079779315737239e-01
0.000000000000000000e+00	4.371304965811976251e-01
1.000000000000000000e+00	9.883684841867543813e-01
1.000000000000000000e+00	5.821927222993008577e-01
1.000000000000000000e+00	5.538000736097644650e-01
0.000000000000000000e+00	3.442020354749480981e-01
1.000000000000000000e+00	7.005558469040595870e-01
1.000000000000000000e+00	6.126996281899993457e-01
1.000000000000000000e+00	6.270920300857886209e-01
1.000000000000000000e+00	5.203196797544077379e-01
0.000000000000000000e+00	3.389134515380645141e-01
0.000000000000000000e+00	-2.760265836414162871e-02
1.000000000000000000e+00	8.802885599042686859e-01
1.000000000000000000e+00	5.957513608292129836e-01
0.000000000000000000e+00	5.123658758516556055e-01
0.000000000000000000e+00	5.198344324423194163e-01
0.000000000000000000e+00	-1.219572569396388945e-01
0.000000000000000000e+00	7.450511100529498831e-01
1.000000000000000000e+00	1.005590750403863920e+00
0.000000000000000000e+00	8.634583590639630657e-01
0.000000000000000000e+00	-8.165670710177024699e-03
1.000000000000000000e+00	1.646313323826095465e-01
1.000000000000000000e+00	1.347365633973643284e+00
1.000000000000000000e+00	8.538504813183596109e-01
0.000000000000000000e+00	-2.700286017993486221e-01
1.000000000000000000e+00	1.178571380715053740e+00
0.000000000000000000e+00	5.536660785289591047e-01
0.000000000000000000e+00	8.343994683618403962e-02
1.000000000000000000e+00	3.807873372958148206e-01
1.000000000000000000e+00	6.434597472858487599e-01
0.000000000000000000e+00	2.560980663316695938e-01
1.000000000000000000e+00	5.378279510561577714e-01
0.000000000000000000e+00	1.139199438744564474e-01
1.000000000000000000e+00	1.116005110183268423e+00
0.000000000000000000e+00	3.871103113489274272e-01
1.000000000000000000e+00	1.176842329778527763e+00
0.000000000000000000e+00	5.011140727881701062e-01
0.000000000000000000e+00	1.709278388946764426e-01
1.000000000000000000e+00	8.943127817351558262e-01
1.000000000000000000e+00	6.050266317273923500e-01
0.000000000000000000e+00	3.017110511876556767e-01
0.000000000000000000e+00	4.371054002920379267e-01
0.000000000000000000e+00	-6.371980591905258839e-02
0.000000000000000000e+00	3.543144642459223337e-01
0.000000000000000000e+00	3.688723791402380159e-01
0.000000000000000000e+00	4.723863165262931485e-01
0.000000000000000000e+00	4.394595765091360295e-01
0.000000000000000000e+00	-3.043844049453530154e-01
0.000000000000000000e+00	2.089555711841332708e-01
1.000000000000000000e+00	1.224190079313691726e+00
0.000000000000000000e+00	2.021828046697892178e-01
0.000000000000000000e+00	1.935625114575421635e-01
0.000000000000000000e+00	6.784987757366166272e-02
1.000000000000000000e+00	7.968394954819096876e-01
0.000000000000000000e+00	1.474123257914513041e-01
1.000000000000000000e+00	2.097190528588779856e-01
1.000000000000000000e+00	8.432711520750331147e-01
0.000000000000000000e+00	2.500695545843438228e-01
0.000000000000000000e+00	-7.139391928389066111e-02
1.000000000000000000e+00	7.030170230610367499e-01
1.000000000000000000e+00	5.033882496607793300e-01
1.000000000000000000e+00	8.541123392884419907e-01
0.000000000000000000e+00	6.573679759742363515e-01
0.000000000000000000e+00	3.117419368535572777e-01
1.000000000000000000e+00	5.202524797858681938e-01
1.000000000000000000e+00	2.980037188780858548e-01
0.000000000000000000e+00	6.180220398043594354e-01
0.000000000000000000e+00	9.822044336112749352e-02
1.000000000000000000e+00	6.123418261747149982e-01
1.000000000000000000e+00	1.101241768142079636e+00
0.000000000000000000e+00	-1.264067686857747175e-01
1.000000000000000000e+00	1.260114571689330720e+00
0.000000000000000000e+00	9.579811432104061442e-02
1.000000000000000000e+00	1.081158323731592041e+00
1.000000000000000000e+00	5.994504065967662942e-01
1.000000000000000000e+00	1.225984536854514806e+00
1.000000000000000000e+00	6.924865339993309110e-01
1.000000000000000000e+00	6.486444519770592221e-01
1.000000000000000000e+00	7.781831451578818948e-01
1.000000000000000000e+00	9.856661531666573994e-01
0.000000000000000000e+00	4.161024945551465293e-01
0.000000000000000000e+00	6.228676592743186413e-01
1.000000000000000000e+00	6.973805607350394009e-01
1.000000000000000000e+00	1.096088507567983150e+00
1.000000000000000000e+00	7.626697232973718155e-01
0.000000000000000000e+00	4.490779348900661994e-01
0.000000000000000000e+00	2.860932209399040249e-01
0.000000000000000000e+00	1.713563627860630600e-01
1.000000000000000000e+00	4.883217693416551652e-01
0.000000000000000000e+00	7.282743569971342201e-02
0.000000000000000000e+00	2.090983415465150763e-01
0.000000000000000000e+00	4.080331988707115720e-02
0.000000000000000000e+00	4.341339513513574611e-01
0.000000000000000000e+00	4.977849440448025575e-01
0.000000000000000000e+00	3.716883941278811831e-02
1.000000000000000000e+00	6.479753921446419485e-01
0.000000000000000000e+00	5.391209733843292939e-01
1.000000000000000000e+00	7.753319342604022557e-01
1.000000000000000000e+00	5.292552428326299241e-01
1.000000000000000000e+00	1.019115580267274002e+00
0.000000000000000000e+00	-3.311228708472527260e-01
0.000000000000000000e+00	-3.786403114323703967e-02
1.000000000000000000e+00	3.383332458314356472e-01
0.000000000000000000e+00	1.675488755760123072e-01
1.000000000000000000e+00	7.410078361457884677e-01
0.000000000000000000e+00	1.987721644598335891e-01
0.000000000000000000e+00	3.418898036853282307e-01
1.000000000000000000e+00	4.587056601251952026e-01
1.000000000000000000e+00	4.833736621801870137e-01
0.000000000000000000e+00	2.620577921918403885e-01
1.000000000000000000e+00	4.622378521881403413e-01
0.000000000000000000e+00	5.510667018928870897e-01
1.000000000000000000e+00	4.581776340427285987e-01
1.000000000000000000e+00	5.802201029392813902e-01
0.000000000000000000e+00	-4.594766759359970171e-02
0.000000000000000000e+00	3.823605359247587709e-01
1.000000000000000000e+00	6.924597650868979937e-01
0.000000000000000000e+00	2.055876315516749486e-01
1.000000000000000000e+00	-2.261834518265163838e-02
0.000000000000000000e+00	-2.411295291181655975e-02
0.000000000000000000e+00	2.218165992158671329e-01
0.000000000000000000e+00	6.076254091762568477e-01
1.000000000000000000e+00	5.382381134073955797e-01
1.000000000000000000e+00	7.217208972954017865e-01
0.000000000000000000e+00	1.564139544343045585e-01
0.000000000000000000e+00	1.654668742492524658e-01
0.000000000000000000e+00	-3.222698537125251450e-01
1.000000000000000000e+00	1.375526351611997322e+00
0.000000000000000000e+00	3.316934335126383582e-01
1.000000000000000000e+00	4.523342147513896849e-01
1.000000000000000000e+00	3.474285254707331072e-01
0.000000000000000000e+00	8.036752923440815266e-01
1.000000000000000000e+00	7.479720989213864968e-01
0.000000000000000000e+00	3.152183284342014447e-01
1.000000000000000000e+00	1.204346051663280459e+00
0.000000000000000000e+00	4.472968505972305664e-01
1.000000000000000000e+00	6.176576213705381457e-01
1.000000000000000000e+00	8.628304320274439165e-01
1.000000000000000000e+00	6.186289774887339110e-01
1.000000000000000000e+00	6.976398596825220677e-01
0.000000000000000000e+00	3.947384420208577271e-01
0.000000000000000000e+00	1.952630740945487664e-01
0.000000000000000000e+00	7.488076615472606390e-01
0.000000000000000000e+00	-1.475559689544416742e-01
0.000000000000000000e+00	1.110862433614748096e-01
0.000000000000000000e+00	-1.788317259513352853e-01
1.000000000000000000e+00	6.930376780665977732e-01
1.000000000000000000e+00	1.119548020479127048e+00
1.000000000000000000e+00	7.888879185525043969e-01
0.000000000000000000e+00	6.767770993629541598e-01
0.000000000000000000e+00	2.972113266559598954e-01
1.000000000000000000e+00	4.698487244106674954e-01
0.000000000000000000e+00	2.310040841960663005e-01
0.000000000000000000e+00	5.392553252950909037e-01
1.000000000000000000e+00	8.882666528165237274e-01
0.000000000000000000e+00	3.500111434466376403e-01
1.000000000000000000e+00	6.642153308579219484e-01
0.000000000000000000e+00	5.003225340683468136e-01
0.000000000000000000e+00	-2.831033058764562682e-01
0.000000000000000000e+00	6.239475959609745992e-01
1.000000000000000000e+00	8.796044989774155498e-01
0.000000000000000000e+00	1.374483988246213428e-01
0.000000000000000000e+00	3.083902286417088412e-01
0.000000000000000000e+00	4.506724629362574702e-02
0.000000000000000000e+00	3.094524637962098659e-02
1.000000000000000000e+00	8.034422066465566337e-01
0.000000000000000000e+00	7.931748675904015666e-02
1.000000000000000000e+00	5.102900523386604270e-01
0.000000000000000000e+00	2.108482694987174333e-01
0.000000000000000000e+00	-2.734884860649435812e-01
0.000000000000000000e+00	3.710237558221694543e-01
0.000000000000000000e+00	-6.966518188119388832e-02
0.000000000000000000e+00	-1.570207460011153744e-01
1.000000000000000000e+00	7.642925567043817869e-01
1.000000000000000000e+00	8.506247228577588082e-01
0.000000000000000000e+00	1.960836911378608105e-01
1.000000000000000000e+00	8.423306577656644034e-01
1.000000000000000000e+00	1.061544998160870890e+00
1.000000000000000000e+00	1.185649322645023984e+00
0.000000000000000000e+00	4.528240513359372277e-01
0.000000000000000000e+00	3.106289066241676305e-02
1.000000000000000000e+00	8.563325442251891184e-01
0.000000000000000000e+00	4.028415254144229185e-01
0.000000000000000000e+00	-3.159530802350901668e-03
0.000000000000000000e+00	1.197681391136721091e-01
1.000000000000000000e+00	1.027951785572911447e+00
0.000000000000000000e+00	-2.183751493215260187e-01
1.000000000000000000e+00	8.188961656343684004e-01
1.000000000000000000e+00	6.935473538768666124e-01
1.000000000000000000e+00	5.760201110505300814e-01
1.000000000000000000e+00	9.094633202897375313e-01
0.000000000000000000e+00	6.855776566338408484e-01
0.000000000000000000e+00	2.709973167326392707e-01
0.000000000000000000e+00	7.625299355648526567e-03
1.000000000000000000e+00	6.664396155776933783e-01
1.000000000000000000e+00	1.179972136711601394e+00
0.000000000000000000e+00	5.545115144157701792e-01
0.000000000000000000e+00	-9.866726253227971200e-02
1.000000000000000000e+00	8.618772241513359411e-01
0.000000000000000000e+00	-4.657598535985608690e-01
0.000000000000000000e+00	-3.557632609155321479e-02
0.000000000000000000e+00	2.147905692031244068e-02
1.000000000000000000e+00	4.683225765552849751e-01
0.000000000000000000e+00	1.048111292938678218e-01
1.000000000000000000e+00	7.851160944189203850e-01
0.000000000000000000e+00	2.036454019806819837e-01
0.000000000000000000e+00	4.837962912709546370e-01
0.000000000000000000e+00	1.888474127585592910e-01
1.000000000000000000e+00	1.118386504201783094e+00
0.000000000000000000e+00	6.879783574075185038e-02
0.000000000000000000e+00	5.073054877699336718e-01
1.000000000000000000e+00	5.995116638218694893e-01
1.000000000000000000e+00	6.312959516902476587e-01
0.000000000000000000e+00	3.890278339681328412e-01
1.000000000000000000e+00	1.139472735241855439e+00
1.000000000000000000e+00	1.236015021467279373e+00
0.000000000000000000e+00	2.807439864314085209e-01
1.000000000000000000e+00	1.135450602627421812e+00
1.000000000000000000e+00	7.943746481182375474e-01
0.000000000000000000e+00	3.723550060637557113e-01
0.000000000000000000e+00	1.252670187675356539e-01
0.000000000000000000e+00	6.569467046621065842e-01
1.000000000000000000e+00	5.054206695802972993e-01
0.000000000000000000e+00	6.316596985519717933e-01
0.000000000000000000e+00	2.813076603262551142e-02
1.000000000000000000e+00	7.027844809117395064e-01
0.000000000000000000e+00	6.489018766265481908e-01
0.000000000000000000e+00	5.171520275174285031e-01
1.000000000000000000e+00	7.427072261264828779e-01
1.000000000000000000e+00	4.680156527778058240e-01
1.000000000000000000e+00	8.668597450572881336e-01
0.000000000000000000e+00	3.016813149384646731e-01
0.000000000000000000e+00	1.856764253355027983e-01
0.000000000000000000e+00	5.882991896858495995e-01
0.000000000000000000e+00	3.194443108088697025e-01
1.000000000000000000e+00	3.793660057483136394e-01
1.000000000000000000e+00	6.608818030693969225e-01
1.000000000000000000e+00	7.819340655573565613e-01
1.000000000000000000e+00	4.412211602476698857e-01
1.000000000000000000e+00	4.371803980070211870e-01
1.000000000000000000e+00	1.084427084109911510e+00
0.000000000000000000e+00	2.206938033292584270e-03
1.000000000000000000e+00	7.056653414854501261e-01
0.000000000000000000e+00	1.714652841499829661e-01
1.000000000000000000e+00	7.310113167145304569e-01
1.000000000000000000e+00	1.295654449907373218e+00
0.000000000000000000e+00	3.578089999155725232e-01
1.000000000000000000e+00	4.903726738141910291e-01
1.000000000000000000e+00	5.540765302154084804e-01
0.000000000000000000e+00	1.128216076591227468e-01
0.000000000000000000e+00	3.249111768594915156e-02
1.000000000000000000e+00	4.635913700183436625e-01
1.000000000000000000e+00	1.093514895011350463e+00
1.000000000000000000e+00	5.409668493985239079e-01
0.000000000000000000e+00	1.534959973713743986e-01
0.000000000000000000e+00	6.660699229776932961e-01
1.000000000000000000e+00	1.281946230139588305e+00
0.000000000000000000e+00	-1.299563160110681591e-02
1.000000000000000000e+00	1.793474637113602888e-01
1.000000000000000000e+00	8.401993423363245395e-01
0.000000000000000000e+00	9.644310699849789614e-01
0.000000000000000000e+00	3.058929863753003797e-01
1.000000000000000000e+00	7.069432477193969833e-01
0.000000000000000000e+00	9.593676207614972029e-02
0.000000000000000000e+00	3.376437486015928524e-01
1.000000000000000000e+00	5.548179852154714320e-01
0.000000000000000000e+00	8.126250770076453023e-01
0.000000000000000000e+00	9.800950340958493046e-01
1.000000000000000000e+00	7.967665624843706107e-01
0.000000000000000000e+00	-5.602327791250498457e-02
1.000000000000000000e+00	7.566674976030971500e-01
1.000000000000000000e+00	6.862920207615372803e-01
1.000000000000000000e+00	1.388456372249896820e+00
1.000000000000000000e+00	2.746027093025708021e-01
1.000000000000000000e+00	6.376621863855087557e-01
0.000000000000000000e+00	-5.629251898503178086e-01
1.000000000000000000e+00	1.669405831645188742e-01
0.000000000000000000e+00	1.561185218651110485e-01
1.000000000000000000e+00	6.926372562622472584e-01
1.000000000000000000e+00	6.171959584421589096e-01
1.000000000000000000e+00	2.483361203741849821e-01
1.000000000000000000e+00	3.470315803998044180e-01
1.000000000000000000e+00	8.603820282695370247e-01
1.000000000000000000e+00	8.656187441587186449e-01
1.000000000000000000e+00	9.798582789885594835e-01
0.000000000000000000e+00	-2.146388379199764829e-01
0.000000000000000000e+00	-4.769561873819733733e-01
1.000000000000000000e+00	1.263040506098467963e+00
0.000000000000000000e+00	7.258299142944824034e-01
1.000000000000000000e+00	8.082390070370157886e-01
1.000000000000000000e+00	3.844215185826798109e-01
1.000000000000000000e+00	5.577462118734494156e-01
0.000000000000000000e+00	4.261619149776415399e-02
1.000000000000000000e+00	1.092505082550813578e+00
1.000000000000000000e+00	5.866759359862303569e-01
0.000000000000000000e+00	4.240897733511850842e-01
1.000000000000000000e+00	6.790814187048715977e-01
0.000000000000000000e+00	4.285498516690647297e-01
1.000000000000000000e+00	7.597590802020571799e-01
0.000000000000000000e+00	3.456045439625520799e-01
0.000000000000000000e+00	-1.689571038134757286e-01
1.000000000000000000e+00	8.487496658633961744e-01
0.000000000000000000e+00	1.434485273430363417e-01
0.000000000000000000e+00	4.447745712136130236e-01
0.000000000000000000e+00	6.732707292290276424e-01
1.000000000000000000e+00	1.221864716517780280e+00
1.000000000000000000e+00	5.424826846718320272e-01
1.000000000000000000e+00	1.637479655620757146e+00
1.000000000000000000e+00	9.704111845045447771e-01
0.000000000000000000e+00	1.641695981789573766e-01
1.000000000000000000e+00	9.077264881121465123e-01
1.000000000000000000e+00	9.396634435563087084e-01
0.000000000000000000e+00	4.495759709446350838e-01
1.000000000000000000e+00	7.149905074237191682e-01
1.000000000000000000e+00	9.918602662972998418e-01
1.000000000000000000e+00	4.643288526155922580e-01
0.000000000000000000e+00	1.213750993972748937e-01
0.000000000000000000e+00	6.013955865854268001e-01
0.000000000000000000e+00	3.748511956861353966e-01
1.000000000000000000e+00	4.927337024332967830e-01
0.000000000000000000e+00	3.232393335590433847e-01
0.000000000000000000e+00	4.188885723844290032e-01
1.000000000000000000e+00	1.406166841224472996e+00
0.000000000000000000e+00	4.591823625163782285e-01
0.000000000000000000e+00	2.341230601778127307e-01
1.000000000000000000e+00	6.921537661948106157e-01
1.000000000000000000e+00	6.182742684868320904e-01
1.000000000000000000e+00	7.945424857149316900e-01
1.000000000000000000e+00	9.148009908582078742e-01
1.000000000000000000e+00	9.626709197722407296e-01
1.000000000000000000e+00	4.958798868699568207e-01
1.000000000000000000e+00	8.789917337261792252e-01
1.000000000000000000e+00	7.085482035638047682e-01
0.000000000000000000e+00	4.465706695650423219e-01
1.000000000000000000e+00	9.532392111679516278e-01
1.000000000000000000e+00	6.246005000338914481e-01
1.000000000000000000e+00	7.597235735013984081e-01
1.000000000000000000e+00	9.592860937747309524e-01
0.000000000000000000e+00	9.826379187038813967e-02
1.000000000000000000e+00	8.027201142073981943e-01
1.000000000000000000e+00	9.726748161788211222e-01
0.000000000000000000e+00	2.041101912095962256e-01
1.000000000000000000e+00	8.689821354978588541e-01
0.000000000000000000e+00	2.306568929471541352e-01
0.000000000000000000e+00	3.672701478291873212e-01
0.000000000000000000e+00	-1.708037635735599191e-01
1.000000000000000000e+00	1.430683042537685079e+00
1.000000000000000000e+00	4.897151580677578386e-01
1.000000000000000000e+00	1.033265096031218855e+00
1.000000000000000000e+00	5.812257056260992094e-01
0.000000000000000000e+00	2.478990889377397921e-01
0.000000000000000000e+00	-3.117905294274677871e-02
0.000000000000000000e+00	4.041743832267228331e-01
0.000000000000000000e+00	2.004286949739457480e-01
1.000000000000000000e+00	7.332394792553186269e-01
1.000000000000000000e+00	9.551206765697172196e-01
0.000000000000000000e+00	-1.588567917263081913e-02
1.000000000000000000e+00	8.112289562034776802e-01
0.000000000000000000e+00	-3.765179884532053323e-01
1.000000000000000000e+00	7.496470870487491611e-01
1.000000000000000000e+00	6.636191843203436136e-01
0.000000000000000000e+00	1.124756539663260418e-01
0.000000000000000000e+00	4.398462992737956628e-02
0.000000000000000000e+00	5.609894656043878935e-01
1.000000000000000000e+00	1.349962962071039829e+00
1.000000000000000000e+00	4.072497804891772044e-01
1.000000000000000000e+00	4.860091495071829915e-01
1.000000000000000000e+00	1.224610685932790988e+00
0.000000000000000000e+00	4.329363343934532898e-02
1.000000000000000000e+00	3.024039177037208259e-01
1.000000000000000000e+00	4.453109383394770471e-01
0.000000000000000000e+00	2.825400573807334004e-01
1.000000000000000000e+00	8.877171619155121984e-01
1.000000000000000000e+00	9.255007006681105208e-01
1.000000000000000000e+00	8.429184664087482348e-01
0.000000000000000000e+00	-3.478232440837007999e-01
1.000000000000000000e+00	8.060329900324936236e-01
0.000000000000000000e+00	6.654591364158339850e-01
1.000000000000000000e+00	5.537478979014432978e-01
0.000000000000000000e+00	7.414099470098790556e-01
0.000000000000000000e+00	5.176614227178167882e-01
1.000000000000000000e+00	3.131971848184162410e-01
1.000000000000000000e+00	1.017404440034529012e+00
1.000000000000000000e+00	1.083699288592391508e+00
0.000000000000000000e+00	3.681968130230235392e-01
0.000000000000000000e+00	2.333645795861810091e-01
0.000000000000000000e+00	8.048491993893068519e-02
1.000000000000000000e+00	6.370859869369176476e-01
0.000000000000000000e+00	3.340798535146909387e-01
0.000000000000000000e+00	6.040992573262258247e-01
1.000000000000000000e+00	5.637387679064026491e-01
1.000000000000000000e+00	2.840445376282161871e-01
0.000000000000000000e+00	5.875053743312325799e-02
1.000000000000000000e+00	7.174558960697522414e-01
1.000000000000000000e+00	1.001557127901014255e+00
0.000000000000000000e+00	6.302767802584972046e-01
0.000000000000000000e+00	2.242824532373666191e-01
1.000000000000000000e+00	5.361430305247980588e-01
1.000000000000000000e+00	8.301196276240568883e-01
0.000000000000000000e+00	5.768955281663520340e-01
1.000000000000000000e+00	5.400727828713572931e-01
0.000000000000000000e+00	2.901150482772499872e-01
1.000000000000000000e+00	5.783523940181359846e-01
0.000000000000000000e+00	1.351811759598622875e-01
0.000000000000000000e+00	2.523784108502841184e-01
0.000000000000000000e+00	5.999609701421038110e-01
1.000000000000000000e+00	7.381478768551736902e-01
1.000000000000000000e+00	1.099663422870259977e+00
1.000000000000000000e+00	9.315148950830288710e-01
1.000000000000000000e+00	6.953056391561640570e-01
0.000000000000000000e+00	3.751290114147938781e-01
1.000000000000000000e+00	9.078106132987394661e-01
1.000000000000000000e+00	5.325425374557114511e-01
1.000000000000000000e+00	8.155986020719500074e-01
0.000000000000000000e+00	2.943092082448727775e-01
1.000000000000000000e+00	3.701793811574535797e-01
0.000000000000000000e+00	3.800126823182444769e-01
0.000000000000000000e+00	-1.341350318078658038e-02
1.000000000000000000e+00	7.883955247531589938e-01
0.000000000000000000e+00	4.869516573830265926e-01
1.000000000000000000e+00	6.389660266275859479e-01
1.000000000000000000e+00	5.594774943737350625e-01
0.000000000000000000e+00	-3.526793619127949198e-02
1.000000000000000000e+00	8.665831604661347054e-01
0.000000000000000000e+00	4.425403327759529493e-01
0.000000000000000000e+00	3.649954099413534880e-01
1.000000000000000000e+00	6.072161790365323553e-01
1.000000000000000000e+00	5.412958249598733840e-01
1.000000000000000000e+00	1.114510732022567341e+00
1.000000000000000000e+00	1.007805958622811193e+00
0.000000000000000000e+00	5.734665741528640615e-01
1.000000000000000000e+00	6.805163799969562444e-01
0.000000000000000000e+00	2.269776195043738953e-01
0.000000000000000000e+00	1.278334566826251351e-01
1.000000000000000000e+00	1.465298510629880147e+00
0.000000000000000000e+00	1.659827698574829480e-01
1.000000000000000000e+00	8.428519290144143028e-01
0.000000000000000000e+00	-1.466075554163855932e-01
0.000000000000000000e+00	5.007896836465786095e-01
0.000000000000000000e+00	2.317778444257969916e-01
0.000000000000000000e+00	-5.296452971320588302e-03
1.000000000000000000e+00	7.893364326920353502e-01
1.000000000000000000e+00	8.237698844161847056e-01
0.000000000000000000e+00	-4.981567710543204075e-02
0.000000000000000000e+00	2.430419895281004661e-01
0.000000000000000000e+00	5.711957971079227592e-02
0.000000000000000000e+00	2.805440871931555447e-01
0.000000000000000000e+00	-3.276896235542329228e-01
0.000000000000000000e+00	4.148109591314010358e-01
1.000000000000000000e+00	4.610096864959138396e-01
0.000000000000000000e+00	2.959904170378128280e-02
0.000000000000000000e+00	2.005733037748159975e-01
1.000000000000000000e+00	8.527718196336655510e-01
0.000000000000000000e+00	7.710649361814129188e-01
1.000000000000000000e+00	9.266055925756858658e-01
1.000000000000000000e+00	8.819613698156647530e-01
1.000000000000000000e+00	1.569686645760261623e+00
1.000000000000000000e+00	1.139071187316302636e+00
1.000000000000000000e+00	4.481467431741473773e-01
1.000000000000000000e+00	6.948654820976992719e-01
1.000000000000000000e+00	4.201801166723702075e-01
0.000000000000000000e+00	3.493198289566504799e-01
1.000000000000000000e+00	1.283893852586302176e+00
1.000000000000000000e+00	5.159665477344246298e-01
1.000000000000000000e+00	7.328903041621853687e-01
1.000000000000000000e+00	1.267233730253267909e+00
0.000000000000000000e+00	3.985055180885639925e-01
1.000000000000000000e+00	7.783045072043687229e-01
1.000000000000000000e+00	7.920476139665354465e-01
0.000000000000000000e+00	5.029462744687628328e-01
0.000000000000000000e+00	3.009683285739304659e-01
0.000000000000000000e+00	3.147750963775986510e-01
1.000000000000000000e+00	8.091617651210738504e-01
1.000000000000000000e+00	5.559402987669714857e-01
1.000000000000000000e+00	9.584855756520967995e-01
1.000000000000000000e+00	6.213565487058478887e-01
0.000000000000000000e+00	-6.042071004474065810e-02
1.000000000000000000e+00	1.092351340181740627e+00
1.000000000000000000e+00	2.170825896969421909e-01
0.000000000000000000e+00	2.251217296927038036e-01
0.000000000000000000e+00	4.805168151244748054e-01
1.000000000000000000e+00	3.883184805597452161e-01
0.000000000000000000e+00	3.681877024657539271e-02
0.000000000000000000e+00	9.919753284745032318e-02
1.000000000000000000e+00	7.287670309141558445e-01
0.000000000000000000e+00	1.489741074029293788e-01
1.000000000000000000e+00	8.662800377090837944e-01
0.000000000000000000e+00	2.551583514793349661e-01
1.000000000000000000e+00	3.218640996395202292e-01
1.000000000000000000e+00	8.734087674687625036e-01
0.000000000000000000e+00	1.650561533695424354e-01
1.000000000000000000e+00	9.202988669515598241e-01
1.000000000000000000e+00	7.197481178470225283e-01
0.000000000000000000e+00	3.902598410199084600e-01
0.000000000000000000e+00	1.893114552523995908e-01
1.000000000000000000e+00	1.069479383157506902e+00
1.000000000000000000e+00	2.504765115193068881e-01
1.000000000000000000e+00	9.568192759839808659e-01
1.000000000000000000e+00	1.399333981739754984e+00
0.000000000000000000e+00	-8.777437371957765022e-02
0.000000000000000000e+00	-2.601657288052951905e-02
1.000000000000000000e+00	7.265458413437118068e-01
1.000000000000000000e+00	5.077193028101338879e-01
0.000000000000000000e+00	2.713684863066130326e-01
1.000000000000000000e+00	9.609758380685602397e-01
0.000000000000000000e+00	3.477721080202027526e-01
0.000000000000000000e+00	-1.770893952906082702e-01
0.000000000000000000e+00	4.442906083431766295e-01
0.000000000000000000e+00	3.859413926276953344e-01
0.000000000000000000e+00	2.642518445017367767e-01
0.000000000000000000e+00	3.625346541104905729e-01
0.000000000000000000e+00	6.087042470696901741e-01
0.000000000000000000e+00	7.111765483387407771e-01
0.000000000000000000e+00	5.310772445861392521e-01
1.000000000000000000e+00	8.928385370235901730e-01
0.000000000000000000e+00	3.155994647528346381e-02
1.000000000000000000e+00	8.996571972523771388e-01
0.000000000000000000e+00	-1.331735983437050408e-01
0.000000000000000000e+00	4.797081919120650406e-01
0.000000000000000000e+00	7.498707113525616974e-02
1.000000000000000000e+00	4.360731463810523234e-01
1.000000000000000000e+00	5.810963178929074990e-01
1.000000000000000000e+00	8.379105824065836705e-01
0.000000000000000000e+00	5.542685654995239686e-01
1.000000000000000000e+00	3.252367368107670353e-01
0.000000000000000000e+00	4.135108453935979478e-01
0.000000000000000000e+00	3.371434619539604438e-01
1.000000000000000000e+00	1.232147235953897191e+00
0.000000000000000000e+00	4.100540393838097430e-01
0.000000000000000000e+00	-2.945384270812120286e-01
1.000000000000000000e+00	4.065894958177285745e-01
0.000000000000000000e+00	5.703383989667661913e-01
1.000000000000000000e+00	1.799082456970363675e-01
1.000000000000000000e+00	5.166446895824964303e-01
0.000000000000000000e+00	4.809559266223198404e-01
1.000000000000000000e+00	1.157020931180236634e+00
0.000000000000000000e+00	3.852353112029369697e-01
1.000000000000000000e+00	3.723560904795977788e-01
1.000000000000000000e+00	7.610546444831260970e-01
0.000000000000000000e+00	-1.088154963693533372e-01
1.000000000000000000e+00	5.541289640102434744e-01
0.000000000000000000e+00	4.581298381238719242e-01
1.000000000000000000e+00	5.287015420152517686e-01
1.000000000000000000e+00	4.777407178780560537e-01
1.000000000000000000e+00	1.412379219605280234e+00
0.000000000000000000e+00	4.617628885147815332e-01
1.000000000000000000e+00	1.391984704926241267e+00
0.000000000000000000e+00	-3.503144272644866386e-01
0.000000000000000000e+00	3.740933933981339665e-01
1.000000000000000000e+00	3.535132124294552147e-01
0.000000000000000000e+00	3.629665486248889739e-01
1.000000000000000000e+00	1.040302955568340293e+00
0.000000000000000000e+00	2.357724365895179919e-01
0.000000000000000000e+00	3.444165862743533424e-01
1.000000000000000000e+00	1.151058975626399583e+00
0.000000000000000000e+00	5.513643427411991649e-01
1.000000000000000000e+00	8.847905313468646948e-01
1.000000000000000000e+00	6.765574869765779153e-01
1.000000000000000000e+00	5.879521296646981199e-01
0.000000000000000000e+00	3.662563690607593681e-01
1.000000000000000000e+00	6.380559054619512338e-01
1.000000000000000000e+00	5.977742438829835026e-01
1.000000000000000000e+00	7.790822171293637632e-01
0.000000000000000000e+00	1.547475824913581155e-01
1.000000000000000000e+00	1.139326057692633176e+00
0.000000000000000000e+00	-1.031283442905930742e-01
1.000000000000000000e+00	8.390462555844300230e-01
0.000000000000000000e+00	1.690152124158042501e-01
1.000000000000000000e+00	9.219478245155670049e-01
1.000000000000000000e+00	1.151799057674522508e+00
1.000000000000000000e+00	6.573131921796260269e-01
0.000000000000000000e+00	2.562807572950616120e-01
1.000000000000000000e+00	5.333850400719593043e-01
0.000000000000000000e+00	1.314927572240377762e-01
0.000000000000000000e+00	5.695628693763726824e-01
0.000000000000000000e+00	1.906580437095345693e-01
1.000000000000000000e+00	9.603107739630863948e-01
1.000000000000000000e+00	9.483413036487114978e-01
0.000000000000000000e+00	7.752929525352392215e-02
1.000000000000000000e+00	9.854919601079270564e-01
1.000000000000000000e+00	7.544468709075511370e-01
0.000000000000000000e+00	8.600059320450471612e-01
1.000000000000000000e+00	1.046367157277316773e+00
0.000000000000000000e+00	3.663913241922561737e-01
1.000000000000000000e+00	1.106355899955382860e+00
1.000000000000000000e+00	1.329914516624410403e+00
1.000000000000000000e+00	1.174180866351470565e+00
1.000000000000000000e+00	5.350220599896101659e-01
1.000000000000000000e+00	6.793819084211172310e-01
1.000000000000000000e+00	3.417446849613887117e-01
1.000000000000000000e+00	1.342450147642568981e+00
1.000000000000000000e+00	9.324597023715806010e-01
1.000000000000000000e+00	5.931264100806976636e-01
1.000000000000000000e+00	6.868686091172198083e-01
0.000000000000000000e+00	3.946654425857272219e-01
1.000000000000000000e+00	5.584432538500554433e-01
0.000000000000000000e+00	6.252915385217980848e-01
0.000000000000000000e+00	4.450678929273486073e-01
0.000000000000000000e+00	-7.236604458856835675e-01
0.000000000000000000e+00	2.302405971870739032e-01
